285
35878 37971
11458 32985
21144 25637
39873 13774
18004 23609
38824 10497
24130 31934
22864 23845
26241 6610
7040 38032
13399 8419
22469 9032
32657 3124
22915 6204
26385 28078
32597 14827
1453 12376
19872 7336
11380 26248
36727 29658
35740 895
36168 2863
5089 22337
28886 1134
15437 22018
14348 12165
26639 23138
37878 24187
6449 9179
35552 29635
39585 30625
12865 7544
6528 7532
26769 4661
35952 7830
31005 39489
1492 25219
28500 16506
20107 18287
15941 35631
14623 19469
602 15643
25134 9336
28203 1577
32267 3519
1187 11299
27563 30980
27345 25522
9061 23275
4540 21579
24007 30494
30063 2559
33961 9175
30147 38967
32540 10421
20737 31542
13043 17714
6272 37675
14687 8047
5994 27403
21516 32806
31649 32517
13588 16624
2667 23138
22448 30041
23702 1844
28608 17558
9590 13062
9822 21285
8602 37446
30703 4856
30593 24674
35619 1787
13848 1979
32157 22891
9757 33112
8709 34608
33181 31471
33345 11635
35540 7156
26285 6551
16956 35792
36636 19461
39620 17805
567 21088
39342 17006
38430 39366
32911 16615
11316 3463
5135 1183
5151 18597
20729 3154
10706 30743
23311 29881
4519 5836
5120 35251
39143 11585
35604 32956
24898 34590
24954 2390
21186 3688
24290 601
19615 14585
27705 878
35278 31387
12510 6244
24344 34909
7178 24876
5558 8287
10895 24904
37609 32985
34571 4177
21805 38202
34894 20282
25101 26454
23658 29363
12843 34475
12201 26737
23759 28872
39102 7338
29141 30858
14168 39334
18511 23821
25961 26683
14557 10535
38510 30126
1393 4428
4609 21008
19499 37238
35844 39019
16835 4793
30017 28377
12597 21641
35830 26831
14252 7357
22768 34945
31732 28330
34128 30530
20659 7093
13217 6619
28699 39289
9858 14047
10471 30598
22890 38314
35309 13703
1920 22243
5554 7539
35433 19902
11271 38142
32185 22456
28454 5469
7771 21421
26109 1014
14348 16623
7741 4583
31813 28203
4618 29244
38108 39240
9524 6663
10035 39360
5357 7800
38964 10014
16416 23344
25362 24010
10265 30166
20858 15584
4636 6312
2896 13668
11169 17417
15521 34346
1214 37356
32246 1994
32015 8368
11341 1052
26933 17150
16669 35403
6486 37601
39339 28101
14963 37857
12218 27763
1481 8002
37784 38218
14018 20211
5577 15322
31253 19479
38279 24900
39536 35313
34392 32272
18130 19516
5053 9136
30159 35423
18166 28114
32320 31968
6777 145
20727 18988
5022 39972
21961 38228
27291 13362
35613 24633
31250 38620
33967 31854
37795 29978
32552 24166
1295 31319
15016 33395
14299 39188
1944 29482
7626 10096
4611 1932
14184 20296
26734 37271
36303 14216
6139 31244
24994 573
11938 11522
7034 16146
7538 3202
25244 31734
9341 13479
9065 14699
36642 5729
2123 18493
979 10691
22029 26581
24585 11085
17581 37323
33253 38369
10337 11430
19794 23208
7093 31674
27252 30113
7362 18014
8851 27474
18919 23360
6443 23171
25367 52
369 20934
6230 29250
16329 30627
5718 30729
38502 21346
24661 25911
15154 13478
19499 27064
7936 32547
38157 28882
13932 7266
3272 19354
8196 9483
2628 19709
13432 39086
11142 5041
9792 18498
30444 9186
34855 36130
10175 2754
37846 27247
1568 9951
31663 22088
33655 8643
1349 3331
32692 36640
9765 5527
5457 27933
29801 22910
33848 13901
26105 20971
10244 12351
26662 10650
1981 22192
27571 38581
36588 22818
32827 25862
5130 14928
20914 38854
15466 14428
35453 8122
33242 22205
7534 12053
30423 13857
26992 26308
3927 33531
26713 30576
15406 38871
38494 10103
370
5021 35381
35982 38779
22160 5751
26627 3082
18189 13196
14720 7556
16214 37194
37742 10924
2425 10367
9489 19373
20550 38066
3557 27587
36006 3267
37870 1995
3812 33458
12499 26415
27091 12484
18977 7074
21392 17691
18253 3833
39236 25029
392 38316
14529 2643
13427 12434
8281 11046
26910 33680
13527 8168
17273 21116
19319 2254
14379 11658
3691 33626
36104 22301
31372 23475
32909 13792
31514 4896
20407 30085
15873 1805
4108 6256
27142 1067
22858 18370
1996 31675
14408 10119
31663 23940
8977 3426
17113 28134
27443 22424
35321 16639
18737 490
5259 4972
7747 34852
9184 38635
10588 9194
7212 27216
29336 26379
10261 22073
26164 156
25553 4584
39011 34287
13009 16003
31351 31815
8306 32941
12355 30460
7972 37614
15000 28635
11277 35626
35173 35600
4965 31506
9922 19183
26228 969
8467 9540
11786 17566
14632 35866
22655 8617
31931 31839
37071 39851
22945 554
25011 26581
14830 38203
19809 10671
32939 18704
21532 10924
28836 264
24472 14486
11018 36334
36092 32337
30177 35530
1506 25196
24289 36725
838 29037
37596 8386
14077 7240
17048 37682
20656 10670
21074 19392
16024 18608
9989 24079
15795 27419
19912 21166
25160 9660
39655 12422
28414 26418
28524 39049
36888 13790
3757 37319
17281 30853
28094 14911
16079 8983
8615 20553
39206 9785
37703 35807
32936 26854
29371 30435
21793 34834
29033 16105
39798 35515
27879 34270
34317 36753
32831 10900
22132 36912
25720 11682
6073 34301
32906 20261
16023 787
36818 5552
39736 36888
20163 6179
39219 32210
37885 18180
22984 12396
27800 33555
9179 23090
36435 24898
34735 30658
7498 24414
27153 8709
21009 14019
38240 5102
25254 14079
3908 12713
1404 28429
26570 29662
31770 11078
25931 28238
24003 17753
31453 31202
25526 4020
17438 4610
37968 21518
4697 38893
11590 16096
26015 39750
33072 6770
2591 7452
4941 3103
29494 21861
26410 34036
32267 25183
37918 32598
32126 36884
8735 33042
5098 34280
1262 30614
23228 17165
38666 25386
3420 12138
10491 511
6951 9157
3754 10221
38319 35913
751 25527
19787 23729
20402 5729
4298 12204
16826 7907
5194 30855
32350 37495
9662 14655
25500 29384
1171 15756
3662 15087
26832 12310
35720 22341
38455 17049
10904 3583
28665 15574
26359 4797
1490 29013
555 34237
28284 722
37591 31428
26006 948
35305 21022
37762 34026
31150 17077
34841 2816
37049 26536
27379 12227
17826 35211
25240 30971
24526 17072
1861 28510
26593 23457
6883 12802
34731 9629
37662 9337
28419 39427
29547 28512
27811 7097
17750 37863
72 22242
12988 34902
22801 5335
38066 9836
5222 1290
22305 521
25925 20952
22752 39432
23316 35839
16608 35179
33249 27085
38917 19884
22070 13859
36390 28987
24476 12599
9341 38738
36601 15055
19575 35441
38560 32812
36691 30783
29543 23912
7671 3706
27142 27761
16887 12416
25550 18590
22021 2117
39427 39451
11684 22683
24282 7967
39846 20239
6634 33052
17134 8990
31212 38186
30135 8577
7951 1081
4227 19494
20484 229
16853 33837
32834 7722
58 14673
8033 28714
31304 12261
12429 1710
23005 39854
658 26882
6389 20744
4167 30482
16437 38271
14334 27474
8655 2676
6648 29838
34020 35344
33586 15638
30723 17651
22940 1302
33718 824
8836 36727
3415 21903
11785 14939
14739 14207
6227 24289
4009 12337
8948 39363
38752 18911
19397 7252
34915 22770
34940 20194
21582 7957
8671 3667
28960 29207
13056 31839
33010 2179
29525 34010
16424 26252
6683 25492
3946 4397
13713 15416
8460 10794
27290 17742
24112 31180
29200 38897
39566 24378
37110 26395
13442 22291
23384 5125
26933 30682
21593 13123
22078 25856
30383 11800
39899 35289
12753 1509
38797 1332
28194 14371
39024 21517
34613 31832
14912 23868
22661 399
1477 9816
31644 28015
27450 945
19342 481
12145 34552
27047 6805
37994 2708
38598 7963
18093 33644
1579 846
10767 17190
10161 37746
25314 9323
23011 1458
26684 5263
28192 21545
18782 149
32451 6687
728 22728
5529 5149
6347 11219
28093 27277
19654 20973
10898 28144
4805 33561
12423 32065
20656 9140
35152 6041
9532 28374
37070 20514
33949 37582
20606 33122
19010 16312
17133 7260
22288 3093
28492 29375
32911 23160
35368 26166
4532 649
8824 29133
33561 27780
29714 30104
23105 27891
18079 10060
16424 1683
4054 31728
3367 27356
7493 6243
31298 17883
32178 807
30694 19006
13362 1042
30556 1155
30306 18178
26662 1450
11554 18681
37006 11731
8665 23294
13428 13783
2530 25957
13645 19605
31030 146
26694 18305
3175 26949
423
7498 21140
15049 25983
18279 37149
13722 5903
16008 33720
22811 20
15492 22094
36456 3129
25732 9545
17324 8514
12988 20479
27856 19739
39244 662
271 18832
21435 27196
23718 27798
33102 14770
27986 31866
30452 2023
9264 6475
4047 30984
25707 22470
234 5564
22199 15199
14880 32473
39385 21979
6702 29539
16934 26099
27740 32054
1537 13246
13718 10739
25201 8409
35255 28768
6076 8610
37966 5689
31226 21560
26568 4994
34967 37505
18775 8334
30320 6095
31309 1009
14846 14919
25450 15868
39895 22550
30660 507
8022 12184
34722 8656
20058 16135
12535 13681
2615 292
26456 30488
15576 8467
27031 36683
9405 2364
2999 2799
38590 27917
2445 4185
2662 4392
316 13227
4819 11057
31392 16934
34186 19107
22246 26890
10063 3980
13588 26198
25873 1519
6164 26483
14733 27391
12407 33924
37546 19703
2706 30375
7334 1899
6493 32075
32909 15297
8655 17417
25004 23293
20480 25924
34649 23544
3475 489
17979 18883
35281 10904
21002 29628
892 39272
12355 25422
21191 3853
14678 1409
12954 19063
39271 8598
14767 27954
30704 5409
19144 23649
7957 31009
35696 5601
2179 4255
29336 1353
27110 2873
38869 21526
19384 16102
9478 10842
2804 38133
25524 23880
33671 30587
32251 20657
13857 36304
2709 30426
32401 32837
1143 5194
8165 14069
13974 11127
13641 8160
19085 23454
25384 14464
32675 13910
24809 25063
6590 42
31312 8457
36239 14565
16164 19871
33040 16463
33283 9634
38105 8277
9696 21867
18474 38145
13900 17155
30910 19211
19403 14019
23193 12823
15989 37586
6089 15414
8986 21764
20743 28297
6591 13290
2097 5992
30814 14499
15216 36290
24498 33275
13544 26759
12551 5494
30832 22381
17894 19145
19753 24896
33287 2695
37639 11944
10872 30008
26763 11605
18184 3914
19775 3198
18108 17219
15936 15474
35559 37338
24705 27176
25985 37099
12158 9146
31859 22748
23223 30519
25243 10185
30115 8842
37198 21305
20560 14488
21333 5012
19998 16754
20311 25726
7263 18103
20785 37134
17556 35519
11119 2712
39215 23854
19370 34743
23022 23607
16864 14479
23053 10979
32926 31697
11956 29104
6742 4674
23978 37560
39652 21925
28779 22945
25887 12653
61 5176
37215 37351
38065 10029
34662 26001
16154 17616
6213 15821
19285 4567
11222 27393
6779 9278
4833 8288
30982 3892
21292 26032
38592 21567
31081 30078
31931 32080
31162 9615
24763 14025
25932 13196
23803 29624
35157 7218
5073 3275
16535 3382
32259 26804
28401 39151
15807 17947
36703 38786
35931 32318
4203 38416
1788 15565
19720 531
10929 16328
20322 28023
35432 2711
32559 31963
28203 12147
13971 27201
5147 21542
20568 4536
23045 33567
18714 3919
6212 10769
15894 2933
9555 8863
35344 8451
15201 4448
14627 10160
9762 23556
5763 34651
11959 13172
33949 34044
20401 5163
36070 1731
12863 28322
22892 13079
33258 26170
9026 17333
15053 36775
31353 2610
20511 16847
6864 23738
788 32012
306 2113
35037 11492
34326 32804
14734 6222
10530 27497
1415 37729
31218 26491
28393 29966
31408 19786
26106 8166
14179 34803
13739 2573
25280 16956
33817 5188
23637 16818
24283 9124
14821 38419
39551 39854
15928 24433
22531 23217
36309 11557
6336 4834
35759 34666
23894 14180
33912 628
38096 37807
12979 8292
30652 14177
25078 10003
30744 6914
267 3294
10300 20556
34586 27903
36479 22351
38529 833
23162 13303
13625 35956
5707 2739
12609 24681
14774 21734
15904 30388
16345 30601
10490 21819
38184 1678
8527 21481
27987 17420
12742 27851
39590 26986
31336 18648
27483 31841
729 30000
21196 26542
24159 29486
29367 36940
9961 39472
15628 23122
15299 22825
12470 23804
24453 14588
35262 12923
7451 26606
11668 8347
12940 14209
8754 20508
37498 13062
5158 7724
32553 7975
22422 30110
38278 17590
6106 33809
21155 16331
17737 28314
29600 6971
21942 36430
16246 37576
11219 19530
26168 9948
36489 9962
22620 23191
31944 3822
8990 21246
5397 21897
28279 1623
1229 4748
34777 11841
1761 8672
34642 5148
16680 24985
4922 37558
4470 27786
26785 9951
34145 6201
36709 22103
18169 19602
13505 22805
2287 39013
8559 27835
22934 23856
23821 22648
10740 32864
29935 32935
36477 24734
29457 4167
38447 23848
28747 25654
33875 29443
4178 27183
26515 34182
11387 38498
3029 6190
32264 16047
30599 23448
7534 16307
31048 34853
13683 38657
25492 30570
27366 21857
11144 31011
36757 11644
16927 2148
34765 268
28774 21335
16372 12794
28113 13968
24832 22949
7128 6357
12169 21761
34864 19219
3955 24454
11727 2777
18013 28601
17787 3519
17159 8179
10763 9759
34931 34809
27850 7510
37601 7325
13072 37455
8555 33050
6022 32909
19646 25185
19199 38549
28300 23029
15911 1872
32040 27412
8282 5495
28789 8817
27043 8653
19654 4556
9317 13319
12094 25752
181 23694
25465 31038
29273 33821
35280 36360
37121 15180
3641 30841
26382 21415
24666 11646
25070 8834
17459 15922
2845 28200
37933 34737
34306 23589
8014 21472
12039 35667
34627 19557
37309 25454
1458 21604
20073 8848
33213 23108
12375 14042
21468 16995
33140 27872
13952 17851
24468 11191
148 7632
15514 20939
28475 28601
20448 2360
19529 26759
7305 21332
7497 2323
2423 3988
30
36137 39162
23 7863
19275 17019
17153 34874
34571 26501
30940 25456
36630 17378
9835 18315
3508 3606
37453 9319
26145 24215
26256 24466
14965 1174
14207 9576
4593 9585
22484 19834
17994 11600
21988 28889
8673 22124
26347 16351
542 38864
15638 6284
22869 19713
25139 12609
36821 13720
4293 6918
30436 12231
18771 16138
27396 18813
6847 31575
366
1759 7745
4517 18084
37047 28447
36328 22677
4358 31029
27177 7073
28698 25904
1836 25588
20333 29713
30999 19091
7952 36924
37438 25272
11375 34314
26651 35630
37038 5645
38452 7616
20566 38658
32780 8795
10812 2663
19957 4661
17303 12847
33772 24532
25861 7171
20389 3794
2137 37161
484 24595
3632 28892
13044 22462
16360 38616
27258 23256
4853 31569
6168 1930
19533 1421
39339 15713
8969 26512
26251 31555
7099 32651
28973 32173
39070 10283
35467 32470
28302 17179
26882 38251
15607 13626
28303 20605
31840 5730
19564 35260
20554 9395
18017 16710
20368 36666
12342 14409
39608 18313
13545 24212
29292 10465
27456 26003
37490 26956
4670 14755
33179 30245
22058 31765
33825 29201
13969 29076
20217 11898
18254 7457
20232 23264
11139 16862
2153 23242
35482 24477
26902 15705
20785 13524
26244 28213
7716 19010
34938 20856
11456 15471
4719 16802
29812 37566
39831 3127
7329 10073
3349 17029
32814 39328
29970 17611
38225 29952
8935 6464
3326 14819
3006 33957
26422 32637
34977 19012
29901 33395
16197 8297
23791 14644
13292 1346
27444 10359
38689 5469
25967 26908
33751 14577
17998 8622
32683 25677
5467 13899
34990 36508
15838 17867
27462 21136
31928 6985
33709 37925
16724 32062
8415 26487
30279 287
35748 10412
8923 27970
12655 231
3493 6482
36495 6417
39521 37447
23011 8720
22651 2705
19924 4507
34432 33009
22359 33388
34322 8762
5118 11373
18341 21553
14965 24720
2960 27225
14334 21486
0 39962
15375 19314
31181 37997
8510 31429
3871 14261
38411 31117
36931 38178
12107 36486
419 7853
18719 18410
36448 6960
25613 30866
9324 36163
22482 8726
29341 8150
11493 10959
16371 39608
28445 27231
32293 2717
13663 6968
1606 29208
19634 17501
33348 30801
37198 32072
22274 32763
24646 34732
24396 15539
13505 16686
29027 28107
35568 15488
964 30418
22624 18209
15795 15297
1498 20311
8498 16054
16310 3710
38050 25386
34124 9684
39511 1607
7999 3476
36058 25100
5141 20316
6084 18360
25818 32743
128 23040
2175 8032
870 10220
595 31058
15984 30011
16636 8303
1024 10825
33424 35341
7114 18815
20634 31073
16709 5797
16080 39110
37001 36534
7137 38387
8456 16859
20297 32144
21638 29103
35678 2776
27414 27558
35639 30380
25738 6060
26039 26693
36338 36143
3703 14211
17020 30644
33435 11756
36156 39749
17560 12306
19026 21629
36733 16518
36266 25703
21479 35949
1664 1007
23432 39909
3532 26073
38953 28174
15814 37060
34475 19788
15968 14723
4178 11714
30156 21368
31307 38373
4453 10613
27214 36136
27575 9521
27616 23606
9685 12245
14326 36590
868 11050
4866 39158
19121 20999
31186 6261
25156 38233
34042 26858
7584 30258
5015 6959
26319 19668
4829 15149
11899 38678
2168 14496
935 15465
2619 25681
8510 21780
3577 34001
30108 24642
34412 6865
36520 4742
7214 16814
12057 27378
15516 23101
34224 21799
19295 2594
5249 35313
8694 28341
38338 22524
11695 30963
4057 2790
22452 17513
11630 6662
23191 37860
28751 38472
17503 29733
39991 7019
2517 16522
22338 27937
20667 14960
13042 19356
37245 4677
2973 13698
39136 28730
20597 4059
1166 36940
467 5125
33766 27087
34392 14060
20245 22666
585 7028
25066 22078
19104 5092
3545 36264
19138 28906
21956 8887
589 33640
13488 39785
19932 6643
7637 6338
18075 7444
7361 10627
24213 38537
5914 17829
35362 29992
23055 17437
13896 8734
8977 29308
30817 23281
8976 23354
11585 7706
20145 28242
37639 24632
27451 20022
34779 11627
36438 6397
12438 15936
37319 10558
11454 16159
1041 14152
31338 3433
33709 35969
20131 27304
13322 17216
560 8341
23715 20642
21516 19591
10475 36386
20350 15413
29102 33583
26486 7838
27293 31455
21527 13903
7216 33224
20144 7497
29416 9776
10956 4413
34498 34423
824 26309
5198 23276
16118 38930
37103 13397
6710 36444
28552 9405
38626 11170
2727 21081
14947 33409
8837 34247
36479 17354
8582 16958
14283 37461
33549 16059
24488 11962
22227 37887
38254 31885
32341 36706
18479 31408
7330 25901
30092 35211
7607 17323
2765 25484
5109 10002
548 39172
15595 14192
24924 39655
35497 29026
5476 5327
6481 33358
11915 24714
17179 13620
27901 19054
17678 11694
13047 17443
24743 13141
23853 17394
23632 33997
33147 20970
13101 4582
27590 1148
1836 26425
15006 28160
9987 33563
2053 39690
35412 31294
25701 15532
15297 2644
2323 27861
20443 85
6855 21023
31153 10276
2597 37283
17864 430
38978 12215
32240 1658
24349 27921
196
7949 19588
13367 29361
32909 10414
32308 21774
18514 21251
27317 142
32512 2192
12574 8301
5930 31859
18661 1777
25571 34501
11405 31255
356 32434
36282 34389
6758 26029
5618 17618
8438 21100
7225 32847
28371 26216
7110 28441
19538 35572
15928 21515
33101 4395
13430 6992
13878 16721
27514 7963
28160 17569
17321 21143
16814 26684
34815 45
35872 18533
33719 18991
1476 12269
10339 17818
22633 23352
6982 22453
21694 24593
34959 5356
18325 37637
1312 6891
19563 25536
32626 16519
7583 6726
11491 2212
8681 25595
17218 18081
37401 6262
31401 20350
11130 14074
24543 4660
14549 37236
13468 25222
13326 14631
11060 20464
22585 39944
503 26215
4443 23777
28994 1368
2775 38378
22892 25597
7508 12772
17759 9448
10762 6109
20342 17319
26046 4154
28272 30058
9159 27884
26877 26060
11374 26090
24838 3677
29238 38570
33168 7576
30513 6381
39877 19899
9508 35400
16522 34261
27617 12605
21963 12781
13716 11496
1185 1527
28143 1687
31424 17914
299 11340
4967 23938
38721 19064
199 10204
34806 26180
16349 25069
305 21905
10836 20080
30846 32901
17397 6767
21960 11125
38157 18058
36704 37819
3803 22286
344 3795
20638 23300
36862 3923
485 9841
36076 5556
7327 32771
33054 21090
7721 27325
894 35887
35494 8594
34474 20816
19010 13695
10748 7961
37858 15159
32523 31449
16808 18968
25672 17193
39953 319
33474 19585
15514 33937
1137 36205
24448 39606
32506 5364
20723 14186
32663 12932
26993 24369
9837 4653
28324 7117
9369 15345
1742 3187
18602 3741
25266 22118
1082 21775
30248 4015
34925 3665
27742 34824
4458 28302
13068 11568
32171 30231
33885 37405
2841 7977
1025 17522
2061 5331
22937 2297
1790 31151
23418 33320
26895 35554
29604 1233
19831 19396
17681 20401
25571 23260
182 23405
36633 37150
8783 38783
3992 33639
38036 29615
33481 39259
18795 31565
37864 21934
8037 37188
18167 14435
2589 1206
29527 23146
1316 5486
19987 8617
22002 28696
38219 35390
34195 15759
35107 25109
23161 19264
10215 4240
5757 5404
7733 26890
15451 39567
10742 39063
17652 27350
17641 24368
38816 31344
35038 15548
33035 18835
12322 5897
20655 9061
6951 18302
2163 24486
6008 15286
5111 6350
31580 32467
3610 9728
4815 15672
31937 3033
34784 35395
29131 11270
14016 18625
27079 4221
14306 34880
5818 39265
4708 32626
5597 22261
29675 34207
14409 34293
239
8700 2687
17502 28377
26401 27830
17755 9837
2901 39221
3419 31619
19193 927
23817 4048
39724 35684
6919 16109
35652 7698
1994 9929
37745 33986
4093 16693
3212 17671
31478 14625
11395 34173
7470 7691
35045 18961
5818 21036
35838 26237
13083 31561
39243 12964
14374 11533
30183 37657
14710 36724
24338 22947
19188 12077
11870 39276
15159 32961
23829 25533
36340 8970
39101 5057
412 32593
10689 28810
25037 37054
15583 28783
38945 1299
33379 22759
4431 16993
38800 30909
6188 19262
24542 39119
34183 31916
32895 23742
1179 20029
38866 11561
12200 27609
12845 6167
20267 38684
21819 29503
28526 21014
44 16560
7585 19838
18331 21649
39342 22286
26692 34355
25653 17529
26599 3167
21352 21842
6426 39650
8836 23806
913 17063
25566 30202
35391 3519
4783 7172
23623 21681
12412 14459
21708 5706
90 9150
20182 33299
11359 27811
16165 1480
26110 21928
326 15889
37311 19085
2812 1057
5534 28009
24684 8237
31220 2708
39365 28538
4959 22234
28286 23422
19488 17076
8423 16813
20672 30325
26840 35307
16683 21541
14535 26154
13540 5896
25569 3753
37470 25843
20094 23489
3209 29790
23863 12934
16402 28700
31080 32914
32530 12362
29730 27465
31127 2141
29194 5746
23107 15901
36930 7812
645 23373
10327 5414
9133 7961
20221 39910
11146 19813
7769 5327
24244 10765
17912 34220
28293 19292
6737 5300
10665 20652
1850 8487
23383 9715
39522 39067
38447 21111
20346 27898
35269 20066
19345 33875
15597 14229
36666 39468
17198 21671
11942 35483
38310 13296
14364 27567
32661 9386
30179 23541
27575 23011
4110 26654
9955 3251
8370 38535
29651 2142
17636 24095
14006 849
18638 38618
27337 9960
8711 35159
33121 34820
26755 10121
26576 37517
10577 9351
15884 22276
28036 34061
38402 28818
27672 34421
599 7871
35558 37900
24070 11995
20013 22143
22402 4194
25472 38178
24700 7270
8973 12587
12738 9552
22185 12202
25495 10737
14988 29040
4051 20051
14047 19536
37109 4528
5873 27667
29482 9989
2566 24247
34946 13585
3676 18453
37280 14748
5585 33452
32960 24146
33110 11845
14572 28055
37387 39399
13747 3326
5232 33347
3972 8122
12000 9745
37563 20170
31402 27745
30576 21848
37529 27060
16556 18980
30310 2221
31762 10364
17791 15458
24120 39718
36696 879
36875 24776
30784 38056
18766 282
34736 8048
9534 28595
5951 13270
18218 13815
19349 39372
16140 18886
21598 39749
31878 35335
36517 39172
33964 9549
27631 28315
23538 17244
19362 22608
32983 22257
17190 27193
32838 31183
1749 8298
35820 3007
34674 4129
36547 33855
39798 23197
5899 31922
39828 29261
24570 20982
26731 5908
11622 11467
39002 4021
1582 23456
9690 9871
19696 2788
28637 28405
25936 39027
25459 20170
23902 18947
33168 24935
24777 19414
34421 39676
22784 9044
19295 4385
25410 24992
24820 2320
9188 15842
6873 29684
4507 17817
38935 38333
20536 7253
39774 13716
17191 11429
25939 19922
245
24640 18223
3859 1863
11810 13987
33683 29425
27730 38010
7499 38441
2330 15041
25831 1499
28924 27639
2865 20295
4138 33660
23413 3516
7980 7025
37065 13788
5559 1119
29938 15479
30346 60
31104 6290
12442 35133
35197 16161
10904 22321
1391 21188
5250 1670
12963 19562
20498 13629
29049 8443
25965 32957
1289 28081
7623 27787
13922 23366
13595 9150
34575 8655
39283 20296
28514 29180
34477 29025
7728 16549
20904 1741
38702 6771
12785 20288
17361 5529
30366 34070
38969 35597
4910 31496
20881 1951
14322 12802
35743 3224
27296 11713
34799 6249
37630 22188
8489 8070
27166 569
4968 3062
10674 27020
15013 33874
27963 8335
36056 909
21696 3489
15452 33414
35659 16346
13624 27142
2731 18979
14779 29427
2999 14010
13263 7625
27777 30190
38045 5491
27632 6132
22522 28411
11933 36766
33780 27429
5963 37595
269 35973
9926 13579
21204 23238
17265 27003
26524 15382
25368 13187
37613 36082
20123 28646
33761 12608
6942 28284
7508 35577
14980 1816
27706 33459
36186 23889
22493 23484
18476 7317
36977 15488
30256 32015
9798 19368
6242 2032
14056 34259
9699 649
9051 15772
31294 12744
27688 1369
12976 22697
3697 34777
30869 39152
7033 12083
17019 12146
38367 4403
6699 38950
38504 13261
5504 34845
38704 12165
7524 34286
36983 11071
31497 36694
3526 5643
39697 18461
37038 26436
34166 17488
5077 28953
37276 37553
24829 5982
31921 5390
23839 5932
18649 27500
38071 2524
8189 24527
23149 39579
20083 26325
38124 31233
19505 37918
16297 38926
29943 31301
38573 31253
4576 12602
8975 12879
20811 10318
39122 2387
7780 8908
15109 27433
13902 4568
11173 16167
32653 23394
21926 6610
36606 31163
38406 957
14427 14194
18299 11941
39478 1261
32542 17372
27696 6147
35819 29102
26735 2625
16958 39817
29658 5800
38032 29593
27752 6431
10673 12725
10373 16391
4312 11168
7258 30479
27951 24173
21411 21786
5767 39025
23297 3493
9418 34698
38448 31631
836 32545
24373 32532
2673 10095
18210 36391
23040 48
4023 11332
30865 7735
18179 32456
24560 17047
13862 15133
5231 38007
8118 28072
4641 6520
23373 19902
38696 20405
6938 17905
30312 5932
34599 33602
17951 1197
6479 8057
31469 1214
30574 37996
35261 34830
12581 12660
25050 4793
26601 26440
9618 34513
30539 37833
38445 22675
14428 24465
31875 5731
16499 15664
6520 32217
15995 7771
2086 36404
7258 13267
27667 38965
19317 6203
1612 6237
34217 38870
38970 19173
33754 2013
5874 11125
29158 4785
33445 16691
29595 22037
25801 8592
34749 2545
33595 19748
20311 31067
13904 17560
20090 2861
24103 17026
34292 11703
27069 3818
10515 31302
35885 25576
20908 25017
17838 36069
25966 10567
25950 20691
14935 22551
15559 36683
39439 5063
1056 25476
26620 35544
17054 37986
24477 26759
33159 1546
3234 39750
12965 17908
5124 34692
23626 28034
25716 20563
27160 13832
37918 33215
19139 15357
21386 31236
8723 32654
6245 6446
8079 22921
32397 1892
19952 18599
23450 8822
490
25825 32568
22869 22437
26132 13692
21728 22717
22651 36168
2424 12271
30499 2754
30369 2806
8688 37025
7887 21492
38834 11105
22691 4381
35817 18561
9501 36425
11639 32645
3762 31190
897 37060
28120 7910
4585 11893
29992 39112
38126 31735
32517 33885
21352 12176
6877 37911
35313 4997
32158 26861
29452 38924
13264 10749
37635 3131
9578 34407
25771 7856
9193 32329
33132 19986
4078 25526
38223 29963
33092 36167
13643 26904
35699 33876
10239 29856
21153 29735
10194 16489
36705 16438
26171 31653
25125 20896
6548 27930
26136 30492
17033 34285
10830 3572
10990 28500
23565 36359
20677 34545
33500 28008
716 12506
18504 18299
39088 10480
39007 22358
31452 12128
35048 8172
1295 33809
29523 4762
2651 9403
2150 24044
475 15458
4353 20974
29076 25543
20374 12119
13868 12682
7219 31217
12504 32725
22609 16227
2335 11380
34971 29042
669 15160
34106 29640
4641 30414
23082 32632
37013 10295
23886 12906
14231 27008
25270 32582
19036 35469
34080 32870
412 19461
25434 31783
37028 21629
38874 1221
3999 39806
29076 32462
37535 13056
28653 29201
21813 18140
22684 9567
24432 2380
2505 20720
30523 6951
13701 25488
24129 29035
20772 24054
26988 16145
35242 19548
25205 11239
7362 17172
36148 9557
12766 16795
29955 20053
7152 19162
12185 5106
34563 18190
35194 35968
7311 4518
10391 16360
10228 29270
18485 34371
2713 13059
26008 17332
25912 21384
21357 1572
4215 2869
6509 31280
23106 12431
7446 10960
30670 17172
37481 10424
14602 37710
15922 3402
4260 20587
28365 605
14019 20656
13033 10156
16564 20711
1140 38237
10389 2862
271 16088
38289 20621
30023 8285
8108 11266
6264 19510
35574 3722
12961 14024
29713 14426
5404 1747
33457 32975
36960 16878
2138 36552
14353 35191
35937 31004
13386 32406
13191 33330
18065 35495
22296 12886
32644 2518
35248 33925
23607 31026
20985 15276
17667 26572
17290 11154
13849 38661
2904 31707
17868 1892
15385 1443
11317 4926
25496 22884
1796 11375
10571 34518
33288 28469
23761 16666
20540 12816
26638 27902
497 1061
36434 8986
26186 36402
16146 32906
31000 39023
2900 3469
35544 5316
24244 20897
23196 30174
21262 28511
10425 8548
35077 22028
31708 5290
19308 27208
31920 14096
18394 8949
15678 32689
37060 3461
19755 37784
1593 29964
23636 20216
15439 5290
14383 33433
15634 28648
6412 6275
36230 37237
36126 39720
25748 32085
13550 24835
34699 38545
27932 20591
12342 26592
29032 13998
13810 8265
6990 32904
3454 28254
18982 17587
15969 20195
15844 22242
8899 37669
13493 28214
27158 4756
8796 33656
32152 34910
15107 1327
15736 24500
32946 38684
16098 5301
24920 21024
32024 29958
33936 34485
33235 9800
6429 32782
30995 35032
36611 24424
12257 9531
27128 38261
15032 24818
6682 17826
17445 5443
33949 38019
34375 2308
31304 4650
23260 27538
35575 5008
34028 20899
35109 23844
1917 17591
28791 3949
9644 38989
34189 31476
3699 32830
4388 8141
30278 32439
23471 36906
24529 24006
24714 39030
36339 10169
2742 15480
15898 38880
26057 7942
15285 19471
13920 21692
12439 6904
19683 18231
23724 93
13436 29687
17634 28534
24560 24024
38220 15716
32934 31402
32391 38565
12477 16843
27281 35163
2790 14952
15491 25152
16269 18309
10491 35498
25580 2403
34244 8919
25929 13162
27208 18775
11786 22470
27212 16733
5486 17532
7058 19544
36333 14921
19121 28913
23182 37527
11049 30778
3690 17821
3436 32840
28428 13601
24410 23184
17202 35798
24369 31497
18561 22186
21496 26896
875 1797
27757 27467
6201 5173
8398 37104
20963 9479
2235 36098
11215 14372
2945 18307
32268 19689
2168 36491
8348 37837
9187 20981
20413 31973
781 20508
11677 32875
37027 28516
7556 36057
21475 38165
13201 21338
5393 34518
20081 25258
35559 38043
23131 38484
17208 2282
611 2887
24500 26170
36597 12799
9162 1344
38809 6699
39975 30003
30847 22079
16882 25648
34583 10505
6790 37210
27609 12053
26797 14736
12234 24908
24875 3093
29942 14406
28267 16965
38500 26371
14571 10518
24002 10976
20605 34413
31195 38432
13162 15537
32970 6665
10984 38378
2504 1991
13659 22840
1646 23229
31359 27809
1733 18931
8381 29997
26035 27335
27253 31930
1925 107
9886 36912
30865 11248
37203 29576
20449 26392
35661 26709
35462 19316
25518 37614
13659 21673
19717 31395
5442 31903
20063 7903
14104 28988
19842 19548
31680 31130
19343 19839
20214 2179
17594 15547
3563 38215
17213 32140
31922 15836
14260 6043
11192 21487
25315 23077
35314 32124
36013 27444
15318 27542
9135 1646
31506 20710
21487 23802
25226 22668
9918 24901
5454 26323
5496 30008
38157 15882
896 30980
6103 6276
5156 13018
34905 12942
17489 10390
23877 17207
842 13993
19602 19595
20267 26109
20133 34770
20067 20118
22382 30893
19187 11602
39266 25654
1229 14254
19031 15070
5977 3151
27941 13313
35571 25950
6504 37556
23560 25217
24494 24008
3257 31757
29871 4089
14639 17995
24101 1235
16720 18882
6256 34791
16655 1319
1995 9904
25075 38081
6319 37690
22021 29811
5311 23808
34970 19756
17033 31897
4707 10351
26807 19547
19532 7950
9135 911
4181 19443
6152 13189
11423 674
34752 10495
4535 15882
8729 25910
30972 13435
9925 14735
36746 16565
1914 29720
24117 39063
8100 19053
33439 11818
30289 19538
23697 30855
18043 5202
36518 23901
22252 24753
3491 29665
308 36338
26612 22257
14407 7219
1871 18998
20954 10098
20420 18439
810 719
37876 13780
9685 33361
21926 9901
35979 11845
4421 26007
19727 35072
9683 17056
34333 2822
22688 16568
9024 34512
16302 28486
18415 38496
14811 30335
13804 8535
33466 4040
9012 22602
25663 29874
31497 28429
2268 33668
3285 12715
9691 6260
25180 6754
26713 22755
12544 25052
1918 10682
21076 15861
23604 20222
36530 22062
16172 9675
20711 9081
26309 13282
15948 7769
35320 7404
34742 35382
5815 10279
9949 37631
4016 36266
1794 33963
25391 38137
32388 6824
1147 20835
35836 21291
6792 28697
7237 17476
31731 22760
8114 5646
29553 502
99
25960 10822
30244 12043
34631 34451
15834 13855
39100 1986
21457 19201
25779 33662
37286 12392
31271 22645
30520 16465
39385 17274
31675 20247
18093 23845
11364 28686
39739 4026
26200 29797
20913 25510
39187 16996
28904 24177
9737 32038
27473 27650
32206 27980
31665 37846
34863 15077
28919 38378
18749 5447
35456 7621
7507 24461
17965 38532
248 30925
25431 35310
23064 31920
2765 26571
19405 27859
12761 17368
28005 2543
10885 1654
33913 14293
35306 17867
38128 11763
1876 12004
25906 30885
12581 9152
9020 15007
28747 31350
8882 15842
39235 28705
11556 36949
27852 24095
25483 30330
39269 35823
9479 12973
34238 5079
36582 19219
14567 11722
32100 22872
6813 4946
8578 30409
29473 30481
26278 8401
18341 7320
9660 18727
33767 39601
35662 23710
17209 26672
37226 35021
18258 10727
2025 5971
5382 22332
38356 21991
34569 17357
14400 36447
26537 16396
18232 23996
8487 25011
2097 13988
30890 5566
34266 15272
30828 2115
4446 12527
36328 38778
2906 8202
35925 10721
18108 32329
5664 16828
4984 32631
31208 3830
31032 547
13763 11052
30720 21203
2618 12437
38906 3266
14557 38773
4819 9
26982 24648
679 34502
10911 3836
2966 2644
1556 3476
13
15003 30444
31193 39351
20503 5841
6967 24043
24865 26536
2533 1402
10229 14711
33721 12745
13631 30859
21921 33593
16106 4923
36571 2184
21298 19398
11
19653 31263
3693 37209
20591 19745
26136 33439
14820 25441
32305 17045
27306 37845
32150 34397
26305 5109
25370 31420
31122 29587
429
14248 11510
23303 32883
39218 9301
15869 8399
3467 31790
34780 9632
15287 11353
19393 4232
22152 18733
2642 35225
29355 24428
30570 22067
27354 16144
30592 11231
4020 28313
2244 6447
39519 32854
6336 15497
18396 11063
13902 22424
7016 11991
1993 12566
24223 35720
24942 32174
22306 24668
11173 28582
5116 5066
9645 29869
20019 641
497 4915
38240 36797
7645 36461
24135 13901
3475 35523
9908 24679
15130 6928
20264 31293
38279 18645
22348 4649
17622 13273
37991 15881
12970 2461
15349 9839
27017 12201
39787 37572
26798 2659
348 35733
39229 4411
20284 29806
14412 238
37553 18180
22733 21662
27509 5386
12371 23432
38546 38982
30033 18398
14066 15701
488 12413
1688 18422
3487 29346
34757 28183
3212 20507
21270 38222
3121 23075
38225 806
3364 17626
26742 15636
36966 28891
34739 4539
6891 22123
33373 4251
21352 7899
9999 16949
26994 7265
18044 4077
4374 24152
7117 30960
27281 32498
8085 15018
22057 37010
27199 26786
18106 2963
24186 8745
35369 18369
8643 22141
24925 39762
3552 19086
38257 10546
295 8042
38225 33103
4795 15413
19034 29561
19077 27522
27881 6977
23434 29460
38374 24036
33202 15634
2627 16641
5474 17405
22059 12359
1803 6268
20287 3436
5448 13537
34574 30008
31275 23047
25094 12182
24320 2435
6643 26618
10217 17795
32286 10291
34374 14843
39096 20207
21241 12849
11778 132
24642 14300
31564 1793
30605 18612
13173 19658
37217 13410
21888 20363
13455 18870
9836 35868
38814 39464
19539 4118
22255 18300
22946 35532
26352 9177
11352 28769
24988 27531
20980 4548
18322 30440
38808 8703
25253 219
15340 14080
26061 21488
30225 24890
24954 21112
39319 6680
26532 12990
373 20690
4778 28223
11112 4264
19155 31172
10841 39359
39866 39280
31187 16527
30800 22689
34655 26897
14911 20962
31385 19118
28964 34257
13897 27514
12568 23638
37567 29277
36036 22444
11878 10044
15154 30972
11108 9127
22517 77
30764 33699
11770 4420
2901 30667
19593 26613
23990 4494
37470 27189
769 11423
15461 17700
13533 29425
14540 28221
10938 27394
7984 19263
29225 7715
9709 18915
11663 7431
7410 21604
22914 37630
34249 6431
32548 35703
36246 4412
6759 11822
8749 25287
19012 17132
2814 10872
23177 14480
18348 39353
18751 792
11365 21304
39107 37554
20860 5144
3824 36630
28234 28917
36317 11762
11273 11866
8141 36459
18382 17026
8814 37537
4890 5788
36920 3321
6617 29556
388 37631
34794 8543
9563 30322
7539 12784
35148 27448
29556 30937
8463 35944
3179 20168
37779 35360
23871 34820
9979 37363
37362 39879
8786 36257
36003 10415
16029 15117
3648 3816
34627 2029
25126 5328
39405 18924
13041 4398
38579 278
31904 23957
5061 17925
35916 6244
11351 20883
34920 5905
39249 17461
9717 11087
20404 21099
19079 18178
28801 4817
515 18551
12718 28299
28129 37980
10356 36501
4105 31131
1007 3354
14380 26492
8137 20354
15569 9929
21360 38367
10466 14628
21345 34611
31124 37123
10480 29327
33617 3601
38225 15636
22197 6665
23812 2118
1479 11287
28160 22949
26613 7487
37479 19706
18690 1797
14423 21
33058 788
19409 36852
29035 30495
25852 9796
14356 29198
16234 17799
6405 12056
1344 29035
39686 15981
23879 11841
8457 19747
31208 29227
7260 37421
9089 9008
33375 11326
28854 14590
2181 25543
30555 7104
32096 36024
36577 16807
39105 27656
35667 25871
23308 17409
23870 16253
37561 27622
31790 9899
12106 31687
27036 7017
23911 35086
32066 18663
38729 29497
30159 29401
17728 6952
6105 11088
632 30844
32763 17169
24729 17935
24992 3927
7460 29692
26205 12597
1641 31409
15194 29487
33508 10235
30852 29442
30884 24071
33694 18678
10089 22056
17403 9749
28563 13759
32317 17982
26984 13820
11978 12759
34671 34334
19523 3208
20407 1102
1890 8293
36558 33484
14297 13847
4200 38139
24579 588
29929 35722
28508 3401
1779 4905
19388 12660
4495 24091
1307 18871
24757 4291
5109 35959
8865 35692
2969 32553
8002 14934
39242 34550
10363 24125
17979 4821
37115 29788
2746 32308
25582 37670
32374 25039
13022 36972
30450 36073
39691 37496
32695 35117
6171 9531
35234 3416
33312 9828
25915 23208
28456 39554
21693 22515
34309 8817
30247 28500
23584 17761
31231 12155
36014 24379
21144 13828
8393 33483
29140 20036
23589 20430
23381 8972
16141 30158
34472 29158
23103 33436
8887 6177
26490 37560
34823 39295
11226 39537
34864 308
31325 30039
20312 9656
37217 20077
18742 3608
32363 10861
7043 32458
27070 24111
39126 14399
26689 59
38069 8125
29205 18890
29278 24715
24051 5312
16004 946
3165 28981
19082 23315
10124 627
8189 38451
25649 31966
22227 20158
36988 32743
3451 34494
34097 25019
32540 1936
9529 12772
17209 10983
20548 30240
3169 2161
35110 14753
14415 4807
17382 12392
8978 18027
27196 36208
26039 11536
24601 22705
30646 32957
35107 25433
23577 29962
10944 9714
15130 29887
27629 24782
17131 33187
33817 12986
2421 374
831 26806
7302 984
3128 24373
39498 21901
15644 6048
4710 2089
37651 27117
28813 11753
14472 21849
32432 24861
14441 3775
39066 567
19499 30993
29440 15064
34015 32222
29375 24728
3589 7120
21266 15283
4391 29964
288 26102
3107 36659
35691 35503
31681 9637
1657 7633
21963 28279
482
768 6209
37319 38739
35191 6064
35170 11157
13702 36644
6044 5859
23941 13489
10059 39979
37475 6513
18353 3179
9675 25432
29102 3711
38996 21372
19582 4191
5372 35990
29143 29506
22879 24666
27061 36183
32467 30919
1794 15397
28582 5385
22748 37534
13179 37090
22864 33658
28903 19848
1713 22471
9830 15861
14303 29518
3083 26914
5493 8034
16010 18081
795 15786
35099 27503
14998 9940
16761 17721
13569 4000
30990 15359
28957 31319
2340 6960
19124 11937
11290 13420
10178 30471
26705 39502
32577 24774
13273 36348
14223 35988
32302 24328
12648 22091
4863 15798
35279 5112
4628 13641
447 38540
30572 31452
28833 7349
32459 25235
20794 20727
28403 5372
29447 12655
16581 16032
29490 3919
9793 27859
17115 14965
36680 29494
4240 6411
30825 20126
16015 5463
7286 39293
27804 18873
36077 33760
6442 31826
36345 14580
28403 23775
13886 10589
13369 4930
6616 10192
38777 8695
14037 11698
5367 17900
13521 9415
14243 17164
39710 32213
23733 37011
7402 16136
6119 8276
29718 29706
29490 7188
22934 38196
12332 22885
32489 9552
24284 7869
22217 8365
6403 18503
17518 34563
39877 38218
38364 24983
14568 4278
20024 16343
19975 10998
6288 36946
2165 19285
596 34024
7858 10790
25392 37476
26797 38034
8739 35506
36968 35016
2877 23368
27183 13726
19339 20821
24586 3813
37659 880
3005 8097
28823 33823
34378 36311
19659 23123
23089 4933
22088 308
28035 3703
34029 31664
32715 16496
20919 12236
13998 18871
1566 6493
15798 5582
39312 30415
38308 19771
211 15576
31408 38489
4633 13010
26347 27682
20943 11518
17162 38182
956 91
21999 37671
5023 29697
1244 33351
37602 10680
36086 33393
6732 31004
1820 7800
25397 1005
13976 21119
15577 29785
3365 5046
16101 4606
37223 20807
19049 18746
9118 22970
16073 8501
6105 17399
5527 23443
27828 15594
10682 5156
5878 21154
12626 22967
37886 36593
31064 8340
21949 30026
2701 25392
24555 38650
10051 35059
11031 35667
27851 28937
19815 33708
9062 4820
31988 28815
19623 2022
20605 18926
12227 7777
2534 26478
726 4841
2949 18057
30932 10073
38015 14201
19502 1458
35887 20311
22865 6202
27338 32908
1515 17593
15655 36133
11477 28722
10349 1505
26914 38343
1021 6314
30927 27600
30059 2825
18492 1970
14320 36582
19793 7766
24964 8714
5789 18398
26427 29223
22764 7790
38622 32570
8220 6978
22715 8619
16680 1430
31621 36324
18983 16555
29976 17414
5194 30270
34459 7006
34007 33455
3368 15932
2308 13042
24953 21527
28369 39860
24134 5769
4671 15240
27754 8524
14241 13550
26460 21631
31241 13141
29966 22660
23709 23062
19257 13915
697 19611
17874 16191
8008 24987
37737 31966
37913 2429
9834 5129
18144 28080
10443 20590
35881 14294
12869 8476
26262 13780
19789 18803
30419 4839
13732 6
28013 14686
28805 27726
461 10892
24628 29033
16835 4759
9826 19112
33645 641
8635 36546
10812 31680
30684 38502
30704 24683
2017 3377
5100 31559
39721 22113
24865 31268
27521 19891
2115 37019
18580 16240
1789 10596
945 33249
15986 29033
10203 26168
5440 10478
7211 7602
14276 34044
3933 38671
11059 28198
39459 8362
7458 34112
5837 28998
7505 10512
15789 29909
1973 22556
26037 36305
34256 32237
12559 26205
15483 10271
25584 22641
13648 24419
12340 27070
18414 39004
23864 19190
37309 35051
13922 25372
25227 25704
30976 37484
28445 9563
18239 3788
8872 16742
23027 6881
8959 22102
1438 14335
31528 38512
16663 20664
16886 38775
9655 24162
20052 30877
1134 2964
33861 31730
9798 37367
28981 6241
20878 14704
8863 667
39553 451
10251 9048
25947 25637
6558 37262
8324 9152
30890 15874
2499 9249
33249 28429
29873 26651
33238 13521
608 35814
248 20496
17809 34459
39924 10290
13984 19720
18046 5331
6305 27186
15014 8586
19477 35868
26801 5466
4063 15393
17938 17322
14938 35929
24017 24536
38919 14590
28008 22724
35379 36076
31128 11245
9897 11160
24963 11428
16601 14333
5169 2907
21633 27119
37301 13842
15911 16034
25078 37483
21559 24651
35518 5007
11614 15267
3820 34136
38156 35606
27913 17738
25305 37301
17123 16310
24391 18218
20421 857
6305 24746
15251 15336
21604 24025
18140 21477
34848 27530
21275 7010
1964 16363
11359 35316
16551 20849
6505 5198
27119 37189
4607 25059
34592 37269
38691 26447
10255 35812
35913 12516
16547 33340
33987 31575
34940 24049
26542 17084
8702 3928
38981 16997
3708 30298
9244 23866
38990 28252
14083 22510
22499 24337
38494 10976
4354 12883
12754 17319
16027 24887
19427 20105
15317 7514
27753 25725
35765 16274
16435 28925
2797 34947
19831 11805
696 15058
15584 33753
16142 37263
1783 5998
35278 2378
6124 3726
9644 33038
38271 18366
8519 14725
149 29105
8910 21957
27317 38150
12743 34295
5114 369
22866 14002
18590 21511
8441 39573
37651 1187
13336 10397
5224 28506
12232 29172
7971 39287
11998 3797
38305 34082
26616 37881
32002 20974
23306 9141
7076 35648
33868 39415
18821 2869
33382 38180
6790 2011
3853 5073
36924 27840
13992 21587
37904 32734
32323 11840
6905 27184
25300 37991
35721 28664
39507 2628
3924 17756
27556 12913
11688 3268
7524 14334
24827 15374
33670 19251
20174 33396
11203 25318
5636 30404
16888 35530
7529 28060
38137 26906
33028 6652
22796 3829
23036 19783
33432 37250
30747 28413
28432 7663
37887 39829
14515 25990
11535 8996
35171 31443
16810 29348
809 583
26091 33337
31671 6921
31084 31267
4424 16565
26703 26958
1462 12648
32085 10943
12162 25778
39307 32894
6807 687
37513 39054
5809 10979
13856 270
26538 4548
36417 32300
15796 18502
11855 30498
22321 27293
10562 15752
19125 12478
17918 26843
30255 27342
35099 30185
7863 14771
26185 15891
37202 10229
14901 23377
37185 17345
6485 23655
9971 20516
36605 35911
31140 23161
35860 30654
38926 20906
27455 2232
17769 11099
21258 34289
32874 31223
2598 28323
36101 31774
175
30987 21849
1553 35416
31689 29475
18959 12237
26330 10459
527 36720
39220 36028
31510 14392
8438 17084
26798 30528
16363 23185
14933 16709
22441 25443
8468 881
27782 24052
18223 16265
12297 9785
15882 28287
19142 16578
22629 25423
34326 1349
31606 7128
5908 12341
2715 24094
35098 10106
9445 15350
7289 16783
25657 9044
24844 6820
26745 2725
22484 31423
17146 37402
15786 36824
19400 31191
6117 20992
15615 19221
5172 22761
31483 8108
20038 15256
13782 36733
15137 6955
25794 1118
32858 25155
31590 28837
30929 21565
6099 18608
21259 31802
10805 20038
37812 22920
31202 6891
7715 96
29391 20928
33149 17665
3466 27321
30292 11412
18524 33214
11444 14732
19773 28252
27508 16951
8179 25697
23166 32830
38043 23423
2646 2755
31760 3542
11927 9627
11656 13350
36300 28798
1934 25794
34907 35924
9213 5690
17294 22950
33816 20590
15622 1112
1474 6289
36053 15787
35088 35421
13912 4738
27113 23893
26485 33058
28359 33974
4372 23014
18583 24251
19146 16168
1472 38226
32069 20780
38199 28517
3531 37945
4401 4308
17245 39577
32737 10090
27132 6651
7981 21753
36671 24829
17580 27785
6559 39912
3025 11233
36100 36450
38690 26333
10879 12699
6665 34197
20005 16639
27700 7518
14236 4499
21309 27476
15041 17264
15683 27926
5442 28231
13045 33520
25973 8435
2916 17854
25196 9066
17816 1916
25326 19354
23024 11403
12981 14177
23541 39670
38096 15262
7335 3528
160 15296
19448 6749
21956 30663
5909 27100
37384 18330
21039 31508
33316 19902
33422 32175
23736 24547
19802 35052
27713 14370
2415 32831
36401 4149
1039 9774
39192 5255
19853 18644
11231 11275
31570 30278
37858 7097
11993 29398
24521 9651
23622 3581
12837 1479
5360 25952
2730 33460
840 21462
1502 14904
2802 38364
16520 31826
28302 26064
4758 16051
35618 14911
17887 3658
34902 33431
39460 28662
31607 29352
21309 33268
20870 38959
3027 32277
27833 19957
1126 29062
35885 31834
108 39265
13670 12470
37566 2186
26806 26209
26579 3642
19798 31780
27065 18391
1267 36249
38583 5216
13542 423
34502 24831
28602 39059
31403 37376
2551 33830
9240 27265
53
29888 4221
14808 36209
30427 16247
9694 22907
20877 12370
9190 18438
7049 14740
33689 9714
12924 27209
16606 14584
29850 16373
5285 24079
1077 34983
12817 15335
6265 38424
15894 5549
10554 34700
27108 11552
13692 25515
9685 17152
14949 31297
20619 26619
34755 26239
26840 1371
27252 9193
28056 14771
32930 34428
8242 20397
3999 36103
11786 24422
24113 6332
22373 32542
18732 10607
13924 31269
4421 38109
33038 7833
20491 27450
31316 28871
10232 9850
3029 32829
12169 14873
3093 31992
18534 13962
28352 707
31684 688
8398 22430
7806 25022
10969 27290
33883 13907
37344 15158
21888 35004
26438 6506
3659 8328
205
36522 7212
13526 25579
27033 24190
9992 14498
26370 30727
34456 16321
23725 9071
7383 20132
30906 4149
8057 26163
20673 11982
6140 38346
16514 10717
39120 6677
24079 3906
22165 16087
20121 19515
19321 20409
19970 35309
23563 23753
11986 20276
2935 30911
7212 23505
10755 14687
13381 7264
7164 7727
30457 19029
37150 23378
3681 2039
34373 20605
3517 7653
18534 5377
23540 31470
7767 28134
38320 17145
33548 33415
6812 32066
13840 31153
6283 10162
18972 26603
33532 16877
27952 27239
2312 4010
2374 25580
1850 29983
36491 22718
12528 37037
20392 19574
17847 11808
9789 636
12031 7491
7473 4801
17520 32980
28892 16480
22553 10739
907 5083
17787 19472
19219 22567
34109 4655
37108 1982
11685 18030
26239 2963
9961 35939
25089 39819
18786 10329
29361 13731
33311 36564
23132 19105
25287 1105
29955 32842
17070 33279
6675 12916
22408 17187
23731 21134
9474 34745
37031 22949
2769 3736
27947 39207
32184 37106
37898 25406
7131 17776
6796 36621
38685 21461
29595 22570
7997 19018
19989 22362
3141 20971
23704 1417
31924 18567
23287 20951
25767 5979
2476 5714
12737 3973
31788 23052
36809 15593
26887 28933
38940 2124
12236 34151
2397 15410
23372 20295
37256 31252
11315 33389
17798 8781
13021 16754
3861 19850
11275 16447
11071 4162
32293 20704
20097 34348
33277 13688
16625 36063
2151 6320
3129 23265
4527 18792
12124 37931
15548 2085
15140 6779
26317 3562
1785 36931
8446 14400
14976 37233
16346 25123
29393 23501
3365 39689
12537 7219
26629 11339
23700 12062
7665 38613
16196 34387
17608 32042
21860 13327
20407 7752
25570 24813
9265 21432
5352 1982
30847 3144
5229 29181
23796 14655
28247 12666
34301 29143
12543 11808
33344 20
1795 32479
17152 6762
33549 13178
9902 22066
1489 24380
18625 2230
21672 22626
26120 8541
31785 29430
3652 11186
34377 3503
21821 13872
17807 33709
5257 26782
9975 1799
6632 23296
28763 9454
36932 30131
31565 39964
8711 28380
26040 19357
10426 27961
14136 33434
32352 3251
13600 31998
3167 16984
15900 39961
25859 28751
26654 39076
16292 34226
28103 9928
32600 35334
23151 12646
32551 23818
39669 34038
890 29270
8968 2362
39965 26502
35145 21853
37074 27991
14006 14289
11340 8890
23578 37602
8283 6663
14770 38550
36533 19623
23358 21147
32430 15662
21300 9199
37012 28858
21863 23488
4248 19276
5141 28647
912 3084
13053 39519
10694 12781
37889 22044
32467 31321
15877 34239
31071 19093
1774 1180
6277 21297
4005 25835
338
2974 10486
24687 24951
926 21653
38247 33143
16510 1253
23302 20495
27454 32348
4197 14471
3906 3841
10238 15726
34149 24674
16782 22068
27604 39436
31502 25688
3604 11103
22424 21032
9593 18325
33028 19930
6141 24967
38604 35085
35986 25496
29935 35778
1341 17470
29340 12109
12470 34824
16569 30758
24722 32436
27131 21726
7637 31998
4317 38757
15086 24265
8735 27470
658 3688
28105 12838
21741 19339
4936 20865
15558 27621
33456 27613
23574 28942
36233 205
34008 10791
38226 32465
30567 9699
28547 32894
24540 5550
32626 37335
24093 10591
39104 24710
7705 16661
35416 30797
29509 19974
17184 33701
32289 28939
7479 9605
35791 29201
17063 17090
16267 15119
32415 11978
21055 20251
3608 525
10861 6534
7148 15472
19378 18011
5546 31554
2007 2228
7024 24322
32962 17662
5386 27277
9307 21132
38177 3813
4960 21278
37419 21480
1838 10368
5290 6098
28470 28105
26470 38510
29763 29266
26659 17521
18661 4386
4791 11420
20970 9812
7654 21399
19900 22988
37998 16760
14046 36248
28118 8564
31880 6039
20885 33768
37727 18600
9198 30400
418 33598
22867 20194
19484 4449
19877 36124
22708 38919
33834 308
2274 4403
34734 12440
24506 14734
23472 16193
1751 31993
13499 31317
27272 24730
17952 31239
39010 26960
33172 17578
36577 27530
18534 13510
26235 29965
27546 3614
29985 593
4809 23211
18758 22897
23588 11542
23509 23342
31399 28571
14388 9860
24215 36990
30358 12183
2767 27610
14243 26322
37089 28691
36422 20952
24245 10049
24895 37081
29197 32696
18136 32164
30591 39826
39533 7964
13433 12039
160 5824
1262 21940
21974 9994
5111 11286
39311 7435
3174 22800
15465 27363
16169 3978
11482 19205
589 18748
26846 4815
20540 27541
38639 10441
7984 19570
24686 25254
3733 3185
22411 11912
3909 3737
15465 11984
31481 6594
16287 37776
29312 2253
31475 17404
15871 38172
26624 16733
17495 36548
29530 20630
6047 28473
39221 5438
26187 23747
30626 29223
35695 38735
1929 36531
17161 33765
17341 378
15 19010
8503 34731
13945 38344
22030 25483
25617 17550
15620 12913
27127 20068
22463 30710
8058 16046
26609 24798
25248 35972
2595 4751
25369 32088
32020 29221
1005 26035
34130 2150
25566 6342
17810 31334
33701 10271
30291 35447
4630 37876
731 25730
15384 29199
15508 23491
8680 6637
37782 5442
20461 10781
13329 4985
26602 37369
34401 25261
25863 18089
32781 21355
31820 10280
16700 8855
548 10931
36545 7196
23296 32803
16349 4958
18801 31536
26927 3901
15936 28114
15760 3265
38608 38409
36396 12472
1007 6790
28118 22701
22876 32174
28160 23972
9235 4074
26466 15277
24242 17707
15684 24710
4881 29120
11454 22951
35423 13664
35112 15078
11870 9370
15554 20697
29617 8137
7106 24913
37534 20737
14784 12994
22672 3698
38393 18882
37805 19755
10414 32149
38889 2721
21807 29907
17582 33863
25404 35830
38898 9936
23831 35213
35269 37539
8690 21440
1727 1668
32194 9587
36958 25329
3820 38540
22649 4705
17668 29701
29200 15706
33788 1524
28446 11103
25377 30500
31071 26541
33165 18065
31312 5901
12787 35201
22499 11883
5009 22113
27289 1388
25190 27800
5706 34980
6595 2832
25556 27112
12511 25096
23947 4326
21271 33107
28816 29466
27612 13547
10998 21174
39266 35704
22715 35886
26722 16880
29069 31290
396 5408
9379 14687
12126 13790
37001 2748
15392 34473
15544 36680
36023 2576
21190 21814
37178 5743
27442 18398
36357 29729
23096 20965
27755 16699
26183 27996
28836 23227
23259 9980
10351 14436
26692 5842
23445 25245
11727 19312
38855 16617
37072 13204
33990 9350
17296 20360
28278 6329
39699 12395
31149 29403
9564 10842
14962 7391
16869 26031
21685 26098
24488 33069
8495 537
30496 17699
417 16839
14510 22598
2564 4799
3891 6968
3404 13088
9619 18616
6624 9367
9222 9826
29009 26194
22749 30446
34145 38898
12417 6402
35590 22977
35517 3912
32541 34675
27542 36765
6004 35701
21458 8295
11968 24444
9530 20903
24183 11651
2624 38663
29342 39274
12298 1341
6547 3778
10490 27346
39305 14559
27515 14484
5537 2321
29626 19717
1434 2609
38087 9491
29689 16113
35915 1730
490
648 3369
26146 37700
16763 13490
24602 28800
35198 21133
21734 30128
3329 12041
32398 25453
33641 16615
22911 3238
4821 36010
8932 6401
38980 639
21073 23460
1192 16370
2965 36246
19485 16412
36213 1255
12745 4908
20658 26737
37722 16655
39619 24275
796 15177
28275 18073
3862 3305
10471 2718
1948 2134
21300 20345
36165 35573
23316 23542
2094 5833
27079 12279
24561 21496
9081 1805
34514 1674
27599 11444
36236 6114
38871 5981
31000 29549
26272 921
18608 27057
18780 36890
5841 29209
26184 38757
21538 7555
18789 25850
26713 3540
23472 11826
20512 18484
27169 2324
37700 36853
1719 25014
31689 6620
6430 19242
8071 9560
25614 38301
28570 37091
9326 11220
235 24577
26825 28196
21349 8458
23445 39782
11048 8290
9035 26124
8851 2997
33602 29056
26540 39434
37519 1765
21854 18582
25016 5056
21595 21515
39163 4168
9894 11936
12576 28372
1712 26146
8149 10164
17979 10764
30868 28658
5791 26998
5791 17854
2351 12021
31415 37769
1287 1442
37964 27934
34787 32796
19880 25751
12831 18436
21356 11154
33916 2435
33548 33710
30531 3626
22696 39583
9491 4197
35204 10938
39298 2701
14846 17967
12937 33259
26946 13606
12391 39700
25026 21218
22778 10749
26425 31962
33447 6358
24182 18563
24912 2785
32712 29756
3422 2472
38623 37595
31973 33415
20787 25026
6253 24796
31455 38871
5889 36663
23625 33737
15364 2723
37295 1784
1477 20830
21912 34065
14875 35692
172 39017
1913 26966
12725 10977
24469 33025
37992 14360
8935 20774
36953 1588
10711 15082
6490 11291
23498 33845
25296 35353
32817 24164
10003 10176
29934 39654
3764 5422
21685 19856
31908 8674
38177 38237
34830 24776
32301 37155
1855 30742
17534 29891
1429 2992
28971 2302
5285 3391
30333 30857
861 3030
11721 14044
15628 29540
18752 4202
25535 8030
3391 33018
25829 39092
8288 2955
35979 2948
1113 17447
17369 36095
18166 16918
22483 21882
25932 2073
4005 19004
38535 34137
35031 12783
24384 2623
38207 18986
22120 14365
22075 25625
29090 36456
12075 26202
9561 32443
9752 36010
9063 34857
34670 7000
22136 38042
26966 24429
19991 17279
34181 858
15460 28032
23166 13100
38099 16824
10852 24000
34843 36441
32141 2949
11534 4873
14897 35440
31484 23123
5769 14177
21016 678
1945 5895
10428 37077
1820 5814
12680 25506
35528 11191
37641 19088
17291 17588
21964 17510
18819 9917
5526 29509
23277 36612
31107 3717
5673 2153
5287 29108
5268 9991
10346 38263
2730 10860
6475 12898
32203 18968
28469 28479
31392 8308
13796 35672
27886 12332
11139 16394
26200 9614
1339 20455
39956 22052
10641 21648
38645 39767
997 38685
14513 13470
23266 29001
16597 7104
780 16381
37756 1554
25330 815
10786 35810
39254 9974
5839 24996
8157 14130
3687 13311
31665 3759
39701 1708
28014 15552
24391 1855
30603 7937
22008 23416
4782 29102
242 30646
33958 8097
3009 29334
32999 19567
36457 36491
31306 32458
28905 722
4592 38017
10511 1368
7854 6437
1986 9431
10843 27603
33556 36147
11316 35878
1960 33624
7117 19377
32571 6915
26834 4021
37519 20419
32424 15427
20249 31284
18410 35181
23307 20138
38396 20622
34956 22212
11575 26765
29382 35690
38273 9730
36170 19824
28695 24160
1070 4962
36938 6826
38860 9551
8033 31127
39952 15174
13765 34065
11318 36598
21651 12953
37772 31696
23035 7823
35968 29904
30137 20330
27428 5155
19142 29677
3062 21510
20145 6850
28741 14210
38094 23165
21040 24900
15131 21461
23152 2244
30718 28520
19310 29751
19199 3984
37875 14141
32000 38995
8746 31528
10645 33418
12691 408
9548 28932
33112 21853
5581 2121
22278 744
36921 33708
36031 18428
37410 10257
14979 38374
30187 19642
18418 33884
33089 34232
17927 3859
33310 34176
17721 35294
39795 35701
34833 13349
39011 33689
39529 34305
29250 2862
14328 33088
10580 9336
32488 29196
6175 2771
7360 18115
39875 18766
19040 7387
24983 30834
32106 8913
17448 11854
2774 2017
19946 16518
35656 25861
12073 33440
29842 17918
33245 14647
5661 16594
18006 793
39102 37941
3590 39201
38265 23955
19652 33391
28080 755
26876 29018
20400 18718
4777 19671
4763 38885
16239 26091
11509 5387
20747 19692
8160 19042
30750 25602
18542 3631
18923 5693
10094 35698
4687 19844
39092 2955
23925 17390
22918 37914
21934 24541
38769 29481
19459 2247
26263 31372
18216 19967
945 17034
23789 11037
22120 8306
21375 9071
2706 23555
15923 26766
23150 2985
11635 11340
6615 19618
23138 32510
17268 9276
30471 26592
11518 8412
19015 24716
32767 25837
30869 25883
19682 28408
36776 28576
11738 29385
16563 26447
13888 18755
2404 3169
232 26526
13793 2884
38479 38863
19130 7883
565 1353
11819 24943
18565 4544
32963 1718
25260 7843
17518 34791
11853 740
22894 24561
1281 18932
8103 6146
35866 13381
26416 6156
17328 31519
26377 31374
4925 10618
35716 18379
7682 26786
35181 19308
22136 22224
18204 35765
17108 30274
35607 31556
11764 1026
19705 29358
3226 24702
14593 7013
4644 19648
32445 12367
17560 29258
27842 20498
33819 11047
35834 4296
294 32612
28738 30653
13025 19759
5121 33405
21372 12418
19059 34762
13986 29332
1547 12597
29907 25922
17494 22259
20545 14458
23340 23066
21631 7229
15229 29572
4726 24199
3203 1304
18549 20219
5988 7336
17569 20916
28096 37964
14786 31306
37526 31864
16993 5777
21687 38072
19134 25038
11913 17767
30638 25123
35789 28335
9160 964
4800 38603
35864 39219
18581 35803
3923 20083
29307 1662
15484 12959
3585 30532
32956 21278
10083 37421
10645 10600
8973 30612
3119 15042
22945 9247
11657 12521
39436 5208
9590 22094
15934 7736
14547 33805
31414 24177
38975 26211
22517 33949
24522 39827
25705 17155
29960 222
7814 21675
26311 18766
6955 8959
3653 5230
3799 36664
15568 22886
11357 5515
24184 25552
26006 6749
12996 25996
4948 29368
31137 31698
16515 34092
22312 19963
21385 18113
10745 20418
36543 39430
31432 29806
19365 24056
27836 25440
8117 21822
30941 15162
333
35780 15519
2444 34944
659 760
12610 37886
8620 14946
25781 8512
12703 32210
17060 25837
5781 4110
3967 21585
29737 30888
36919 7599
16028 24479
31073 27309
35641 16595
14964 3349
26842 9516
39302 35543
34695 25621
36122 36336
4680 9404
22795 19220
24501 24549
16064 33277
18299 35205
14124 1074
21697 12864
13005 35273
29030 15101
23678 20673
37964 34255
32112 14453
4204 38092
5383 1526
29827 4301
14653 19016
28092 18072
2901 9537
32661 28164
4346 38357
12416 21784
379 6766
38576 1813
31935 19099
7961 38103
23249 11771
29561 36480
24265 30633
10135 23748
38593 17768
39788 5736
38714 20180
30491 26234
827 35601
25074 6095
10499 8513
16943 13257
5369 138
11186 23745
26927 34310
30451 15027
39982 36497
13273 15642
32801 23999
27849 30396
3085 2763
23719 17786
23126 3136
25107 23839
17049 38897
34797 5019
29691 34503
27594 25880
14074 33128
33645 23830
19918 11
4600 76
36617 11250
31334 27991
23858 20116
28440 32521
13351 29679
36668 16675
26854 8377
38689 2629
30026 21597
16642 10173
39485 9114
28117 20044
8181 18377
7113 14402
1094 10570
32033 23468
8179 27362
6902 35193
7049 35176
11492 2119
14518 23764
10941 11230
35997 12630
19508 4631
34869 26902
21317 25787
21031 33766
9982 33332
25878 7125
2160 27281
25573 1862
17239 7678
3698 9547
9422 36623
9755 21555
31088 9040
38171 13339
31289 17310
13938 3212
24854 32209
15574 12257
11104 25718
18460 37145
13782 29627
6499 37891
28295 38350
11027 9887
3550 582
27068 31429
23598 1489
8260 6227
3259 35081
32692 18524
34717 24614
21458 23777
15393 8593
27523 20784
23238 13517
7115 36619
39073 109
1712 23196
2273 9700
36184 29462
2917 6400
6630 21085
6343 24729
7037 4811
3008 3350
5076 36078
21648 13286
22059 20972
19194 2200
36405 4411
15091 20860
10395 13204
20453 6151
19596 38180
14583 27278
23944 8636
31974 15429
29794 12529
22962 15795
5920 31318
9313 39292
30817 39563
11881 20352
5128 11869
6231 35994
24114 12707
36111 15945
12106 17858
27622 2703
37154 4580
6732 23019
31853 17142
14690 1331
25356 10142
9983 14837
17490 9535
4115 11303
8837 25322
35828 5849
30412 3496
2189 12056
31603 9202
39074 11810
30374 3552
26521 18974
27083 9318
16091 34594
31018 11859
12952 21255
6123 34146
9356 4982
24544 19028
4189 38079
29167 17530
2060 31870
33911 37682
39116 6353
4706 4469
5148 4435
22893 29148
36778 17384
22499 22514
39849 31214
6769 27916
28533 10862
31614 2792
20649 6046
571 3003
39491 18568
32332 30209
8186 22517
27642 18461
423 26031
3053 27234
28863 29909
3653 35900
388 37075
1857 30989
1033 3487
24826 25674
9181 30617
21366 25214
9902 37207
35918 19784
12520 24750
22059 27209
29664 30138
11153 38634
4814 30863
27338 4482
22962 32308
39249 32610
13654 6144
32150 34179
22082 2356
25416 15049
23051 36982
38459 32079
38913 10776
14349 37778
31092 5408
5535 39887
26501 30439
38580 26922
17853 22363
17471 34213
5178 7
2701 26073
24698 3577
37329 31641
15054 21025
23855 19283
13020 16250
23479 10736
1992 35089
27841 31530
17289 15092
24038 34237
39372 20978
6213 33321
22942 27496
19520 11087
34372 13511
654 14664
22036 14860
26906 24556
9780 38286
37662 38914
38287 33961
29789 36067
32876 32391
11061 18144
17014 19667
7979 3772
24759 24747
5522 37845
36734 26160
1963 13795
32730 2499
23363 6097
5154 6197
23624 14535
10629 24044
11281 28937
26238 31166
28936 20684
39884 2387
2289 19374
31393 6455
22335 4648
32289 13523
34125 30741
21986 30289
28252 38407
16319 13535
9827 14807
29037 39495
3982 37849
11975 32075
19514 31749
18744 2223
6098 36893
32550 11788
34161 476
1782 35980
23185 39512
22188 36437
255 21765
38703 12492
9866 12939
17928 5069
9180 32934
26161 19073
3703 35247
19540 31736
3962 19979
10275 20168
8434 4574
33731 7746
17506 26940
15622 1575
10737 16687
1817 15301
8582 38023
14534 24120
6629 10743
30947 9759
12405 25286
32839 19010
24830 27485
7989 0
33844 33835
6757 3586
0