(3,23,4);(5,25,12);(12,28,23);(15,21,22);(10,20,21);(19,20,32);(36,2,44);(42,28,57);(37,14,42);(35,27,49);(51,18,59);(31,4,44);(29,22,40);(26,20,41);(29,16,44);(45,3,57);(52,2,66);(60,15,61);(56,11,66);(58,4,61);(60,17,61);(48,19,61);(59,9,60);(55,26,58);(58,21,60);(50,13,58);(52,24,59);(54,20,56);(57,22,72);(65,19,71);(66,25,68);(67,27,82);(80,21,82);(83,18,87);(81,27,84);(77,3,78);(74,1,82);(75,10,86);(86,24,99);(92,7,101);(82,30,96);(82,7,93);(86,2,97);(90,19,93);(89,28,97);(101,25,108);(103,11,109);(107,29,114);(114,11,120);(112,15,120);(110,11,115);(111,28,118);(106,4,108);(110,20,119);(122,11,128);(120,20,133);(139,5,150);(140,27,145);(143,13,148);(123,23,129);(126,30,138);(128,27,132);(129,13,142);(126,9,128);(133,20,135);(141,12,143);(133,1,143);(147,19,154);(137,9,151);(142,23,148);(155,11,158);(150,17,162);(155,4,159);(162,3,164);(162,1,167);(170,28,175);(158,28,169);(166,16,169);(169,10,184);(158,4,161);(164,19,168);(170,11,177);(176,6,189);(179,10,193);(175,21,181);(190,21,193);(189,18,196);(178,22,184);(190,25,200);(195,23,207);(198,5,205);(185,11,200);(184,3,189);(188,21,190);(188,18,189);(194,23,209)

(1,13,11);(9,12,24);(18,20,26);(32,25,33);(21,18,23);(17,26,22);(24,27,27);(16,9,28);(38,27,53);(20,17,26);(26,2,41);(31,15,39);(32,26,33);(34,13,40);(37,8,40);(35,29,40);(37,3,38);(39,10,49);(38,12,51);(46,13,50);(41,19,46);(43,5,47);(55,13,70);(66,21,78);(61,17,65);(53,16,56);(56,2,65);(65,4,74);(59,25,68);(60,26,65);(69,6,81);(82,29,89);(88,22,98);(69,17,83);(80,5,81);(80,12,82);(83,3,89);(91,30,102);(101,16,113);(114,10,124);(80,24,95);(92,2,96);(85,30,96);(95,12,104);(105,24,108);(107,2,109);(113,23,126);(104,8,112);(118,12,128);(120,9,129);(107,11,116);(112,24,127);(133,22,139);(116,11,123);(111,23,115);(115,12,122);(117,17,131);(114,28,119);(117,13,122);(119,27,133);(124,8,139);(130,15,136);(128,7,141);(139,7,146);(135,20,138);(133,21,136);(132,22,137);(135,21,142);(139,6,147);(149,15,154);(159,14,165);(171,11,182);(152,30,160);(156,15,169);(165,24,178);(152,26,165);(159,25,163);(161,14,172);(172,15,180);(182,22,190);(173,24,183);(184,18,189);(181,7,191);(174,16,179);(186,20,198);(189,29,198);(199,25,203);(206,10,213);(177,1,186);(189,19,204);(192,17,197);(188,7,202);(203,8,213);(192,19,193);(192,5,206);(202,29,203);(207,17,210);(214,20,223);(200,21,211);(203,9,210)

(1,2,7);(7,11,22);(14,5,22);(32,14,38);(35,20,50);(31,25,39);(22,6,25);(17,26,18);(17,17,24);(32,29,46);(48,25,50);(51,4,63);(42,15,43);(32,17,36);(40,14,54);(44,2,54);(39,28,40);(36,7,41);(48,12,54);(59,17,66);(55,7,66);(63,12,71);(52,27,64);(60,16,67);(68,12,74);(51,17,65);(68,7,77);(57,23,70);(75,16,87);(73,16,83);(61,18,72);(66,5,81);(79,10,94);(68,22,72);(76,23,85);(88,17,95);(91,10,96);(86,24,91);(85,10,95);(87,3,97);(100,28,102);(96,1,100);(90,18,100);(95,5,101);(96,17,109);(101,22,104);(101,29,106);(95,15,104);(99,6,105);(99,30,106);(107,21,116);(118,1,129);(112,7,121);(108,6,111);(111,3,124);(130,23,143);(140,4,151);(124,13,137);(131,3,138);(140,10,152);(145,6,156);(128,25,132);(136,12,144);(133,19,146);(133,3,147);(133,26,146);(136,18,142);(146,23,153);(156,21,158);(151,12,156);(146,16,159);(143,23,146);(145,13,149);(156,10,160);(155,14,158);(165,29,168);(173,8,185);(188,29,201);(199,20,202);(181,20,184);(163,1,177);(164,7,168);(170,18,174);(171,12,172);(176,11,181);(172,2,173);(173,28,186);(181,16,182);(182,24,186);(188,19,200);(205,18,213);(182,12,187);(192,21,199);(188,4,191);(193,27,204);(192,26,203);(209,20,224)

(2,28,14);(5,18,9);(14,15,17);(16,17,24);(21,6,32);(22,11,37);(28,7,34);(35,1,47);(47,6,54);(26,27,39);(37,15,42);(33,28,42);(24,29,36);(38,4,43);(29,28,30);(30,12,43);(34,13,45);(38,20,40);(44,25,52);(48,2,52);(55,6,69);(46,5,47);(51,22,61);(59,23,66);(51,1,53);(59,10,70);(56,13,62);(62,22,76);(79,21,80);(84,23,96);(64,2,73);(69,14,74);(65,10,70);(66,17,67);(74,23,75);(77,19,88);(80,11,82);(88,14,103);(82,25,89);(92,18,103);(85,21,92);(94,1,104);(94,21,108);(113,4,117);(88,16,89);(93,17,105);(94,7,106);(106,4,121);(98,9,108);(105,29,106);(100,9,113);(115,7,124);(113,9,126);(125,11,138);(136,30,148);(152,20,156);(134,3,135);(127,23,139);(120,27,128);(127,17,128);(125,22,140);(135,1,141);(132,15,141);(129,28,141);(134,26,138);(135,24,137);(135,2,139);(141,18,151);(161,22,167);(153,25,158);(141,24,155);(147,23,157);(152,21,154);(157,26,164);(155,18,157);(153,24,158);(157,27,169);(164,10,176);(163,27,164);(160,15,164);(169,28,174);(173,27,177);(169,27,173);(166,12,181);(170,5,173);(181,4,186);(181,2,192);(174,18,185);(189,11,196);(179,13,182);(186,27,198);(190,14,198);(197,7,212);(187,9,197);(188,12,197);(198,19,206);(208,26,218);(208,15,221);(199,7,212)

(2,28,16);(22,10,32);(14,1,24);(19,10,32);(13,7,26);(15,24,24);(19,4,31);(30,12,34);(17,25,24);(27,1,28);(22,8,24);(26,5,37);(25,20,36);(33,17,46);(41,26,51);(36,10,41);(39,13,42);(35,28,49);(45,26,51);(39,2,48);(52,8,60);(56,22,60);(45,21,53);(54,1,57);(52,14,57);(53,11,56);(61,13,71);(67,29,76);(75,13,89);(59,26,74);(77,10,84);(73,24,88);(78,19,82);(74,28,75);(68,29,81);(72,14,84);(72,11,78);(87,28,97);(100,30,115);(101,3,103);(92,2,101);(89,6,96);(94,1,97);(90,13,104);(88,23,91);(96,6,101);(94,12,100);(102,29,114);(111,27,125);(116,10,120);(122,10,136);(106,20,113);(112,28,117);(116,2,124);(108,16,113);(111,5,115);(116,5,130);(125,7,132);(124,27,129);(118,18,123);(123,19,124);(129,10,144);(147,5,159);(145,27,149);(137,21,147);(131,6,144);(135,11,141);(139,2,141);(136,21,149);(143,14,154);(151,3,152);(142,4,152);(154,2,160);(162,20,167);(156,16,171);(150,14,160);(156,1,163);(164,10,166);(171,25,182);(180,28,186);(192,8,194);(194,11,205);(181,11,186);(179,20,186);(192,5,197);(170,26,182);(188,6,201);(181,7,191);(191,8,196);(192,12,202);(180,27,190);(193,12,206)

(2,22,3)

(1,2,3); (2,4,6); (4,5,5); (7,3,11); (9,2,14); (13,7,15); (14,3,17)

(1,20,10);(16,9,28);(35,27,41);(21,15,29);(29,25,37);(36,11,49);(39,1,54);(56,3,62);(50,15,60);(60,12,72);(55,2,60);(28,17,41);(47,4,57);(40,30,44);(31,30,40);(32,14,36);(36,4,44);(44,22,57);(64,19,68);(54,11,66);(40,30,49);(45,8,59);(47,11,54);(47,3,57);(55,3,60);(58,9,63);(65,26,80);(70,20,77);(65,10,67);(58,25,67);(63,22,64);(66,18,73);(74,28,83);(81,29,84);(72,16,79);(83,10,90);(81,11,96);(77,1,89);(94,23,96);(89,18,96);(83,12,84);(82,29,94);(92,24,97);(93,12,96);(102,3,107);(100,14,103);(98,18,101);(104,24,116);(98,7,112);(103,11,106);(112,28,121);(109,14,115);(114,22,119);(116,23,130);(123,1,131);(115,27,126);(127,26,142);(124,1,129);(128,3,134);(118,9,123);(127,5,135);(122,27,125);(127,15,135);(131,28,136);(131,4,134);(131,14,138);(134,16,148);(135,28,150);(157,17,165);(174,18,181);(177,1,182);(166,15,173);(159,7,167);(168,1,181);(160,30,173);(153,29,156);(156,23,171);(168,16,169);(157,13,159);(163,1,175);(167,29,172);(163,29,173);(168,3,170);(171,15,184);(190,16,201);(192,29,207);(201,10,203);(175,21,182);(186,27,199);(196,2,209);(204,10,209);(188,15,198);(203,5,204);(191,12,193);(193,10,205);(211,28,220);(212,23,214);(198,28,212);(218,22,223);(229,23,236)

(1,11,16);(6,27,19);(13,1,20);(12,4,20);(9,6,18);(12,3,16);(23,7,28);(15,23,20);(26,25,38);(29,23,32);(25,7,28);(27,21,42);(45,21,47);(28,9,30);(30,28,37);(41,30,50);(34,24,45);(36,23,50);(42,30,57);(48,10,49);(53,19,65);(56,2,59);(60,13,65);(60,6,61);(49,20,57);(60,22,71);(56,30,70);(55,27,58);(57,28,72);(77,30,79);(69,10,77);(80,9,84);(82,2,96);(92,7,95);(96,21,107);(83,25,89);(79,16,85);(78,2,79);(78,30,89);(99,19,104);(83,28,84);(88,28,102);(100,17,110);(97,30,99);(103,26,105);(100,4,105);(112,2,127);(97,18,103);(105,28,116);(109,30,114);(104,12,114);(117,5,121);(121,10,131);(130,9,141);(110,15,125);(120,22,134);(133,7,148);(126,4,137);(138,7,148);(121,3,129);(124,23,138);(136,30,142);(134,30,143);(141,4,144);(134,6,138);(134,12,138);(142,11,154);(151,5,159);(149,22,160);(164,7,174);(165,17,166);(171,25,186);(175,17,188);(173,8,174);(153,2,159);(162,2,176);(159,8,165);(169,12,184);(190,24,193);(180,14,191);(165,1,175);(168,2,171);(172,24,176);(181,20,190);(188,5,199);(198,15,213);(204,9,212);(192,18,207);(189,24,203);(202,30,208);(213,25,219);(220,13,230);(212,13,219);(214,14,221);(189,16,197);(192,27,203);(197,18,208);(197,2,208)

(3,5,17);(14,10,24);(21,15,22);(20,13,23);(9,5,18);(16,25,23);(12,7,17);(27,18,32);(32,30,35);(26,3,27);(29,30,34);(43,24,49);(32,13,35);(40,13,54);(47,29,51);(40,28,54);(43,29,44);(45,16,59);(46,23,50);(43,24,49);(51,11,58);(50,6,56);(50,4,62);(58,1,62);(59,8,74);(50,21,52);(53,6,67);(57,4,68);(66,26,79);(63,28,71);(70,7,85);(76,28,86);(75,2,89);(83,23,96);(80,18,85);(86,3,89);(88,25,96);(83,12,84);(79,3,85);(79,28,81);(85,1,93);(93,28,104);(102,2,116);(107,1,115);(111,29,115);(117,5,123);(110,4,113);(99,17,104);(97,2,99);(98,7,110);(108,17,111);(108,15,115);(111,30,121);(114,18,120);(124,8,130);(130,25,133);(136,24,140);(129,22,138);(141,20,149);(142,21,157);(149,19,156);(162,9,170);(124,14,125);(127,23,141);(133,13,147);(138,28,143);(135,21,139);(136,14,146);(147,15,155);(156,28,168);(142,6,150);(149,4,161);(166,25,175);(155,20,156);(155,6,160);(152,3,160);(165,5,174);(174,6,176);(158,18,164);(162,21,168);(164,8,173);(171,16,180);(173,3,174);(173,23,179);(180,1,195);(193,28,198);(196,8,208);(191,30,206);(210,28,214);(194,20,203);(209,7,219);(209,15,219);(193,28,206);(209,13,210)

(1,30,7);(11,6,18);(15,8,23);(25,27,26);(26,17,29);(12,18,26);(24,12,32);(23,11,36);(29,28,36);(28,5,35);(26,17,27);(29,21,35);(32,14,37);(36,6,49);(43,15,57);(31,28,37);(32,22,38);(39,9,42);(45,6,46);(47,3,61);(50,15,54);(64,26,67);(55,23,59);(55,1,60);(64,19,68);(64,27,70);(71,21,77);(61,1,75);(65,7,77);(76,3,78);(60,30,68);(64,1,73);(65,10,80);(68,27,70);(69,1,75);(84,26,87);(83,12,85);(86,27,91);(82,22,94);(96,29,109);(107,6,113);(83,5,92);(84,21,98);(91,16,102);(95,19,96);(101,7,107);(101,28,103);(98,19,102);(103,12,117);(112,16,119);(110,25,120);(117,21,124);(122,20,135);(111,4,118);(109,8,121);(126,15,138);(114,6,123);(123,10,136);(134,9,147);(131,12,132);(140,21,150);(131,24,146);(141,29,143);(141,19,147);(135,24,146);(146,6,150);(147,3,151);(160,5,167);(167,28,179);(138,2,145);(148,17,160);(158,25,171);(167,27,175);(165,3,173);(151,16,155);(154,24,160);(163,5,174);(168,21,179);(166,21,167);(168,3,183);(161,5,168);(162,23,174);(170,30,174);(175,20,185);(174,12,188);(180,9,184);(185,24,194);(194,19,203);(202,8,209);(201,20,212);(211,11,224)

(2,21,14);(9,4,15);(6,1,9);(8,9,21);(21,16,23);(25,5,31);(16,4,31);(15,14,16);(17,6,22);(23,7,30);(27,25,34);(35,2,49);(35,28,49);(38,28,47);(31,25,41);(33,13,38);(39,22,42);(45,5,50);(38,3,40);(40,8,46);(40,25,47);(53,5,60);(52,29,55);(60,13,71);(69,30,82);(80,2,83);(83,25,88);(58,25,62);(63,8,68);(58,22,59);(65,14,69);(64,12,76);(68,30,74);(71,27,74);(72,5,73);(71,5,84);(91,24,100);(80,2,92);(80,24,94);(88,1,97);(81,16,82);(82,10,94);(94,13,101);(98,1,103);(91,2,100);(93,23,102);(103,20,109);(105,2,119);(112,3,119);(110,28,111);(108,26,115);(107,19,121);(113,29,119);(114,23,116);(118,20,126);(126,10,133);(125,2,127);(125,18,132);(116,12,119);(121,18,130);(126,22,139);(133,8,147);(134,4,149);(150,4,159);(159,7,171);(134,29,147);(134,19,139);(134,12,142);(136,18,143);(138,15,150);(152,4,161);(146,9,150);(153,17,154);(148,30,152);(160,25,173);(163,28,170);(161,6,163);(164,3,171);(161,14,167);(161,23,174);(175,24,182);(166,21,179);(179,18,191);(189,11,197);(201,8,209);(182,5,187);(184,30,198);(201,16,204);(194,3,201);(178,6,179)

(3,7,12);(16,21,28);(13,8,22);(6,10,13);(8,7,17);(15,2,18);(19,20,31);(33,30,40);(16,20,17);(19,25,34);(23,4,38);(43,26,48);(52,7,64);(61,27,76);(30,22,36);(32,17,40);(37,20,50);(56,22,64);(53,24,56);(39,18,45);(40,8,54);(58,8,68);(49,22,62);(50,17,60);(51,4,58);(68,20,73);(68,20,74);(73,18,88);(81,27,93);(76,2,82);(81,3,93);(88,12,99);(79,27,86);(66,15,73);(70,29,77);(74,20,80);(76,24,85);(89,12,96);(91,21,101);(89,28,100);(99,7,100);(100,25,104);(107,25,110);(98,28,108);(95,15,101);(106,21,117);(112,25,125);(124,4,130);(130,3,140);(126,13,139);(102,12,109);(107,27,114);(114,4,119);(107,29,117);(116,27,119);(115,30,126);(122,6,127);(126,21,129);(118,5,125);(125,24,126);(130,28,135);(125,25,126);(124,27,135);(140,25,142);(138,4,149);(136,27,144);(149,25,161);(136,14,145);(136,11,142);(138,8,145);(141,5,143);(143,3,150);(146,14,149);(151,16,152);(151,26,154);(152,6,160);(161,25,173);(181,12,184);(171,14,177);(177,30,188);(166,3,181);(179,13,187);(167,1,181);(174,2,184);(180,19,187);(174,13,182);(176,24,188);(184,13,191);(198,20,204);(186,4,195);(186,1,190);(199,24,214);(206,28,219);(194,2,202);(200,15,213);(206,7,215);(206,4,220);(198,29,202)

(2,12,21); (3,10,12)

(1,26,14);(4,20,16);(11,12,14);(6,29,8);(15,27,26);(29,8,40);(15,21,19);(18,30,27);(17,2,26);(21,9,36);(25,3,31);(22,12,37);(47,10,51);(29,5,33);(33,5,48);(44,3,49);(34,4,40);(41,21,48);(46,29,54);(56,15,60);(44,20,54);(46,19,58);(57,21,59);(52,6,61);(63,24,71);(56,5,59);(59,13,62);(62,1,67);(56,28,62);(64,18,73);(60,21,71);(65,29,67);(70,24,79);(67,12,76);(77,19,80);(77,3,92);(76,15,83);(75,19,79);(88,10,101);(79,28,91);(86,6,93);(87,14,102);(84,24,90);(89,7,103);(94,28,103);(110,8,112);(122,13,124);(112,28,118);(116,18,120);(109,28,110);(107,29,117);(114,28,117);(111,8,121);(110,11,112);(117,15,121);(127,23,130);(113,24,121);(118,1,125);(117,11,131);(138,18,142);(130,8,137);(131,4,133);(126,5,139);(141,4,153);(157,23,169);(139,6,154);(142,7,153);(150,24,157);(136,12,143);(148,7,157);(159,4,164);(156,21,165);(146,17,160);(155,21,162);(157,24,159);(162,16,176);(153,27,161);(162,28,163);(158,24,164);(159,27,169);(170,18,175);(178,1,193);(202,30,205);(183,18,189);(193,21,195);(188,13,195);(194,2,208);(211,18,219);(176,24,182);(181,2,196);(186,27,189)

(3,10,7);(6,3,20);(16,28,18);(10,24,25);(20,11,33);(29,28,32);(22,2,32);(16,5,31);(24,13,36);(42,21,49);(23,28,30);(22,5,36);(38,17,51);(26,19,34);(34,22,44);(50,29,62);(45,23,56);(40,18,46);(43,9,47);(42,11,54);(60,4,66);(66,15,70);(61,24,64);(65,26,78);(81,9,88);(63,27,73);(63,22,76);(76,26,85);(79,3,82);(72,19,73);(65,18,71);(66,21,79);(85,25,96);(85,18,92);(74,30,79);(76,16,83);(85,12,100);(101,16,103);(92,20,96);(78,28,87);(93,19,98);(94,9,108);(97,25,98);(94,28,102);(97,11,112);(117,26,132);(142,26,147);(108,26,114);(110,6,112);(116,6,126);(127,19,130);(120,28,122);(121,1,125);(118,26,130);(126,19,131);(129,10,136);(142,4,156);(140,13,153);(135,26,150);(135,5,146);(131,16,144);(153,25,166);(132,12,139);(143,29,145);(144,3,156);(145,25,158);(165,10,174);(177,22,190);(147,10,160);(147,5,160);(156,6,162);(163,15,167);(148,7,151);(151,17,157);(154,25,167);(170,12,172);(177,25,178);(178,17,190);(160,18,163);(166,24,173);(160,9,167);(168,12,177);(179,27,188);(189,30,194);(185,25,200);(186,25,198);(192,5,200);(185,24,187);(187,18,189);(192,20,193)

(1,17,13);(13,24,14);(5,4,8);(11,7,15);(10,13,20);(28,15,33);(29,12,33);(30,30,40);(39,12,52);(19,15,22);(27,1,35);(36,15,42);(42,7,47);(43,16,53);(56,7,69);(47,15,48);(40,21,42);(37,7,44);(44,19,48);(38,16,40);(41,6,48);(49,11,56);(48,21,49);(47,4,61);(62,29,69);(70,8,85);(85,9,100);(79,17,89);(68,18,80);(70,19,85);(91,2,99);(86,19,101);(109,27,115);(100,24,102);(107,26,115);(94,16,107);(89,11,99);(80,16,83);(78,10,82);(81,22,92);(100,8,115);(106,23,119);(111,11,119);(100,7,113);(113,11,122);(104,23,115);(98,13,112);(104,3,112);(114,9,118);(105,11,111);(109,25,123);(102,21,110);(106,15,115);(124,1,136);(125,23,138);(140,2,155);(118,23,130);(120,17,130);(139,18,140);(124,15,128);(133,16,142);(123,15,136);(126,16,135);(136,9,145);(145,4,155);(149,8,159);(156,30,166);(158,12,167);(165,2,177);(163,17,171);(142,24,151);(153,23,167);(166,11,168);(150,28,151);(155,7,157);(155,26,162);(162,28,170);(171,12,178);(183,7,192);(184,20,190);(168,6,181);(163,1,176);(169,1,171);(174,3,184);(180,18,189);(191,3,205);(203,19,217);(182,26,195);(196,16,198);(199,24,206);(180,23,184);(184,28,191);(188,12,202);(204,12,217);(191,12,198)

(3,8,7);(5,18,17);(7,7,8);(7,3,22);(29,13,43);(19,3,24);(24,26,30);(14,8,20);(16,22,17);(21,19,26);(25,16,34);(36,19,41);(40,28,49);(48,8,55);(34,20,41);(42,28,47);(39,18,54);(40,14,42);(39,23,50);(49,6,56);(58,30,71);(73,4,88);(56,8,59);(47,13,60);(50,27,59);(52,17,56);(61,22,65);(67,4,81);(57,29,67);(69,2,76);(64,25,79);(63,29,70);(73,3,80);(71,7,77);(78,28,87);(74,20,86);(78,11,84);(79,25,91);(76,22,81);(81,10,88);(80,14,85);(93,14,101);(86,6,95);(93,16,96);(95,5,106);(99,6,103);(99,4,110);(110,15,113);(102,29,105);(98,19,111);(116,13,131);(109,2,112);(111,18,116);(107,21,119);(110,30,116);(115,13,127);(126,8,138);(127,19,141);(133,22,141);(136,1,147);(150,20,162);(140,12,144);(126,11,131);(132,7,143);(140,20,143);(142,9,151);(146,29,161);(154,14,169);(142,17,157);(138,30,152);(157,3,168);(176,10,189);(150,1,161);(154,25,159);(165,19,167);(157,28,170);(160,28,165);(159,10,161);(161,18,162);(171,10,174);(166,17,181);(162,26,167);(168,13,183);(176,27,182);(183,25,186);(176,30,183);(178,19,185);(180,27,188);(190,30,203);(189,7,199);(187,18,196);(196,7,208);(193,15,199);(191,2,203);(193,22,203);(202,28,208);(196,8,209);(204,4,207)

(2,10,12);(14,19,25);(17,18,23);(21,21,25);(25,19,31);(27,17,35);(15,7,29);(16,21,30);(35,17,50);(28,15,39);(26,12,28);(24,7,37);(30,24,44);(52,13,60);(34,19,49);(35,28,48);(32,6,42);(48,28,49);(45,2,52);(49,29,51);(41,20,52);(54,9,69);(64,7,71);(67,12,75);(77,21,92);(77,9,78);(57,24,63);(70,27,85);(61,21,73);(70,18,71);(70,30,81);(67,9,70);(65,10,71);(68,1,78);(80,16,85);(77,24,90);(90,14,92);(92,19,107);(105,4,115);(114,9,116);(106,19,115);(89,15,94);(89,23,91);(96,16,100);(103,16,111);(114,29,116);(96,4,101);(101,22,105);(106,11,119);(103,12,107);(102,9,104);(108,20,112);(114,17,118);(117,20,132);(127,30,140);(117,8,126);(126,11,133);(117,14,132);(118,4,132);(126,25,129);(133,5,144);(148,3,153);(154,17,167);(157,4,169);(148,26,159);(163,4,176);(139,27,140);(140,13,147);(138,26,143);(141,23,151);(141,28,149);(147,16,151);(151,17,159);(156,23,157);(154,20,159);(151,16,157);(153,6,165);(162,25,175);(168,27,180);(163,27,169);(160,5,175);(166,7,170);(166,8,174);(173,7,177);(176,3,187);(173,25,181);(189,16,196);(179,14,191);(193,9,208);(206,7,208);(187,7,189);(182,28,191);(193,19,206);(208,9,218);(191,25,202);(193,4,199)

(2,19,10);(4,2,5);(5,1,13);(14,1,15);(12,10,22);(17,20,28);(26,19,34);(18,29,32);(25,20,39);(44,12,59);(61,9,63);(33,3,42);(26,3,34);(40,18,42);(45,30,57);(38,8,42);(36,28,39);(41,28,56);(53,29,58);(51,6,57);(62,26,64);(49,30,51);(44,6,57);(54,14,56);(48,24,62);(60,12,74);(61,12,65);(69,27,84);(64,16,79);(72,17,80);(82,13,95);(68,4,76);(70,12,78);(69,28,75);(74,24,85);(82,17,88);(83,10,91);(81,5,92);(79,18,94);(98,16,100);(91,3,94);(86,14,96);(91,21,95);(86,21,95);(90,23,99);(92,5,106);(107,4,117);(97,29,110);(101,18,108);(103,19,110);(109,29,112);(102,7,110);(110,14,112);(108,4,114);(114,27,127);(112,29,120);(114,23,122);(121,4,136);(132,14,139);(142,1,150);(126,4,140);(130,9,143);(129,26,134);(139,29,143);(130,7,141);(146,10,161);(159,1,170);(169,24,170);(159,5,165);(163,2,173);(151,1,157);(150,21,157);(150,24,165);(160,29,170);(159,20,163);(166,2,171);(177,14,191);(165,9,169);(162,2,165);(165,23,175);(178,19,181);(168,25,170);(179,22,180);(166,30,169);(170,22,183);(177,14,189);(174,4,186);(182,27,184);(181,12,192);(179,16,187);(192,27,197);(196,30,199)

(3,16,9);(4,13,11);(13,10,24);(14,3,19);(21,11,25);(16,22,21);(16,30,30);(33,27,44);(42,30,52);(54,6,56);(47,8,57);(58,4,73);(48,29,59);(47,24,61);(42,10,43);(41,19,43);(42,6,55);(39,30,45);(41,5,45);(47,14,48);(52,23,54);(45,24,47);(49,24,57);(59,24,65);(50,15,53);(57,30,65);(63,10,71);(71,16,76);(65,28,68);(59,20,61);(67,1,68);(62,29,75);(68,23,82);(83,11,92);(84,7,95);(70,7,80);(80,26,93);(86,28,88);(94,28,101);(100,9,102);(85,7,98);(83,5,87);(88,25,91);(86,4,88);(88,16,97);(97,12,112);(104,28,116);(99,9,101);(96,11,99);(98,9,104);(108,27,119);(117,4,127);(105,22,113);(117,23,124);(111,9,119);(119,8,120);(116,22,126);(128,9,141);(142,10,147);(156,5,166);(151,13,164);(162,12,173);(175,18,176);(162,13,172);(146,22,147);(152,18,160);(146,23,153);(159,11,170);(139,16,141);(142,1,154);(159,29,160);(158,29,173);(158,21,161);(156,17,166);(164,29,169);(162,5,172);(154,12,155);(156,7,163);(164,11,168);(170,9,183);(167,26,177);(172,29,179);(168,13,182);(182,18,184);(180,18,190);(179,22,186);(173,22,183);(179,13,191);(189,10,196);(194,22,207);(209,18,222);(221,4,226)

(3,6,15);(12,16,18);(6,28,12);(19,3,34);(30,23,40);(40,6,52);(20,24,26);(24,27,28);(36,15,43);(18,22,20);(21,30,29);(25,5,39);(44,23,49);(42,7,57);(60,13,67);(34,7,40);(38,9,53);(38,29,47);(42,25,47);(47,28,61);(57,6,71);(50,15,56);(59,26,72);(78,25,89);(55,10,59);(58,8,70);(73,15,87);(93,3,100);(98,8,113);(93,12,108);(89,21,98);(90,29,99);(73,23,86);(68,20,82);(71,30,77);(75,14,89);(90,1,101);(88,6,92);(82,22,95);(93,5,106);(106,3,109);(111,7,126);(100,21,101);(99,26,106);(100,6,108);(105,9,106);(105,11,108);(102,25,111);(104,27,108);(114,18,123);(100,1,109);(112,29,127);(107,6,109);(106,25,118);(124,19,131);(114,6,123);(121,13,133);(132,28,141);(140,4,154);(154,30,168);(144,17,152);(123,30,124);(126,13,128);(127,5,133);(129,27,139);(131,27,140);(138,3,147);(148,21,160);(145,18,150);(155,20,162);(144,17,156);(143,21,147);(147,1,162);(148,16,149);(149,6,158);(159,19,162);(159,21,168);(173,17,174);(170,16,184);(159,29,165);(166,17,177);(173,8,188);(173,19,182);(184,11,198);(206,9,209);(182,8,197);(180,5,184);(185,30,199);(196,20,204);(192,23,198);(187,2,190);(187,8,192)

(2,16,16);(13,22,14);(14,3,20);(12,12,14);(12,26,15);(10,4,25);(35,7,49);(44,23,45);(23,14,26);(26,23,29);(29,4,41);(24,4,27);(26,17,30);(32,26,45);(30,8,36);(42,19,52);(36,28,44);(41,7,48);(39,6,51);(46,15,52);(57,5,59);(54,12,67);(60,26,63);(55,3,65);(54,9,55);(57,1,70);(67,29,76);(60,22,63);(60,15,69);(74,12,86);(64,15,75);(64,15,68);(66,13,71);(79,29,94);(97,24,103);(102,4,107);(74,14,86);(94,18,95);(93,17,103);(95,2,96);(82,16,89);(89,26,95);(84,23,97);(91,25,103);(95,6,97);(99,28,110);(94,6,108);(105,3,110);(106,10,108);(100,21,114);(118,27,130);(128,25,135);(135,18,142);(116,23,121);(120,8,121);(113,27,122);(114,21,116);(117,27,125);(117,17,118);(119,11,134);(129,1,139);(144,20,147);(140,29,143);(129,11,143);(132,1,134);(141,18,156);(145,2,153);(152,7,167);(163,3,178);(166,29,177);(161,8,169);(164,7,168);(155,3,160);(165,23,170);(163,14,175);(154,11,169);(167,2,172);(157,11,161);(167,17,170);(166,28,178);(173,9,175);(164,28,170);(166,18,179);(170,5,178);(175,15,188);(181,10,183);(185,13,198);(180,9,192);(183,1,188);(194,18,208);(210,29,224);(187,10,195);(196,23,206);(191,9,201);(195,6,200);(197,10,208);(199,15,202);(204,21,219)

(1,20,3);(3,1,8);(9,16,23);(30,21,31);(20,13,34);(13,20,20);(19,10,25);(22,22,24);(28,7,41);(25,3,28);(22,2,33);(33,27,43);(30,2,41);(37,1,49);(34,27,49);(35,28,39);(37,6,49);(46,5,60);(69,30,78);(57,18,69);(66,17,78);(69,16,83);(69,3,79);(68,21,72);(59,14,61);(51,28,61);(63,1,69);(57,25,65);(64,11,74);(69,18,75);(72,16,80);(74,14,79);(77,6,84);(71,28,78);(80,3,83);(78,23,87);(88,6,91);(81,10,89);(87,3,101);(95,15,104);(94,2,103);(95,5,108);(103,12,113);(87,9,99);(92,5,98);(96,30,109);(101,21,105);(94,15,97);(99,22,103);(110,15,115);(100,1,114);(102,7,106);(106,29,114);(108,29,119);(125,10,131);(117,17,122);(118,1,127);(130,25,139);(131,12,140);(146,27,161);(159,15,169);(175,17,186);(179,5,181);(144,16,155);(131,14,136);(130,23,136);(137,2,148);(147,27,159);(150,7,163);(148,14,153);(156,26,165);(163,12,177);(157,13,168);(162,12,165);(152,20,153);(151,14,163);(163,18,166);(154,29,167);(160,2,170);(170,4,184);(163,14,168);(172,13,183);(166,14,178);(172,21,183);(181,11,193);(199,27,208);(193,15,202);(203,16,213);(211,26,218);(205,9,213);(201,8,209);(184,3,185);(187,1,188);(187,7,199);(202,17,214);(201,15,213);(210,12,221);(221,4,231);(233,12,235)

(1,15,15);(15,23,18);(4,30,16);(19,8,25);(32,16,47);(35,11,50);(35,26,41);(32,15,45);(30,4,39);(31,28,43);(36,4,44);(38,19,40);(38,9,53);(44,22,57);(62,29,65);(33,2,34);(35,30,44);(43,9,44);(48,18,60);(65,18,77);(48,1,58);(43,27,55);(63,3,77);(52,1,53);(56,30,65);(60,19,69);(70,16,77);(57,22,63);(66,22,81);(63,14,75);(76,25,87);(86,15,92);(77,28,91);(75,24,90);(79,28,84);(79,10,80);(82,21,84);(80,21,82);(76,4,80);(79,9,93);(91,13,105);(85,30,86);(85,27,89);(89,27,93);(92,28,101);(100,6,110);(93,11,103);(104,27,106);(96,26,107);(109,12,118);(124,24,133);(111,24,125);(128,28,139);(138,17,148);(149,10,155);(126,25,131);(128,8,134);(132,15,136);(134,15,139);(134,3,136);(124,30,139);(122,30,124);(125,9,126);(126,6,135);(143,27,151);(146,12,151);(150,23,163);(147,7,157);(153,7,158);(153,17,168);(159,25,168);(143,23,146);(146,21,153);(153,30,165);(161,15,167);(153,17,165);(165,14,178);(181,30,184);(163,23,164);(167,25,177);(171,24,174);(162,18,163);(169,16,182);(172,13,185);(186,16,196);(192,16,193);(182,22,189);(191,30,195);(190,25,193);(183,10,198);(195,28,206);(186,15,191);(191,21,192);(190,9,197);(193,21,194);(193,26,194);(196,10,197)

(2,9,17);(10,2,22);(24,23,26);(13,9,22);(28,1,38);(10,13,23);(16,22,29);(28,24,31);(23,8,26);(27,17,42);(31,4,35);(37,21,40);(39,11,49);(37,26,39);(40,1,47);(47,11,52);(39,12,50);(52,12,56);(51,24,57);(44,2,57);(45,2,57);(59,9,64);(46,15,55);(54,26,56);(54,16,55);(62,23,65);(55,21,58);(59,22,70);(70,15,84);(71,9,83);(86,29,101);(77,14,86);(89,14,97);(94,2,102);(76,12,77);(73,4,75);(81,18,91);(86,7,95);(97,16,109);(89,12,96);(101,25,109);(108,1,114);(103,14,104);(111,5,121);(114,12,118);(113,10,120);(101,6,108);(108,14,122);(106,19,121);(127,30,135);(103,25,118);(113,15,119);(110,24,125);(116,9,129);(110,26,113);(112,30,124);(120,10,131);(138,12,148);(139,13,151);(130,19,138);(140,17,142);(142,25,147);(135,6,143);(137,8,144);(134,13,145);(150,20,159);(132,19,133);(135,17,149);(145,9,149);(147,8,161);(142,22,156);(142,24,150);(152,29,154);(155,10,166);(148,29,162);(151,12,155);(161,6,173);(169,22,184);(184,17,189);(172,18,173);(160,11,163);(162,27,165);(170,5,181);(167,18,174);(182,7,196);(193,27,200);(191,22,197);(187,15,198);(201,23,215);(194,5,196);(190,17,192)

(3,10,15);(16,11,24);(18,27,30);(23,25,30);(28,15,38);(16,14,24);(25,20,40);(30,29,35);(25,24,27);(33,1,36);(28,19,31);(26,8,27);(25,2,39);(32,1,33);(29,1,31);(31,26,35);(33,7,46);(43,25,50);(43,25,53);(51,2,54);(59,13,63);(72,7,78);(56,2,66);(51,10,60);(52,15,53);(54,13,60);(54,19,55);(56,14,67);(69,22,84);(58,23,69);(63,16,77);(82,25,83);(75,30,83);(84,30,91);(73,25,84);(73,12,87);(84,2,87);(74,10,80);(82,8,87);(81,2,88);(93,1,98);(86,19,95);(98,17,113);(100,21,107);(91,5,101);(97,26,104);(102,23,110);(107,12,118);(114,6,119);(119,24,129);(121,12,133);(123,26,132);(108,5,109);(106,13,120);(113,1,127);(122,5,136);(140,18,150);(135,27,139);(117,2,132);(123,8,132);(133,2,134);(143,24,156);(158,22,170);(166,11,177);(134,15,143);(145,21,155);(140,16,142);(150,21,151);(142,1,152);(143,27,156);(162,25,167);(144,29,159);(152,27,162);(167,18,181);(164,8,173);(176,25,183);(155,14,168);(158,27,167);(163,4,178);(175,20,184);(177,4,187);(195,20,202);(174,11,183);(172,27,179);(183,6,186);(176,7,187);(179,26,194);(198,17,200);(199,13,210);(181,23,184);(183,20,193);(197,26,203);(200,4,201);(200,30,207);(193,20,200);(204,1,215);(209,11,218);(205,13,215)

(3,19,8);(2,18,15);(6,10,16);(20,5,29);(25,9,30);(28,27,42);(31,25,32);(31,24,34);(30,24,38);(42,18,45);(39,27,45);(22,29,26);(30,1,31);(33,22,41);(43,19,53);(52,9,55);(53,26,55);(52,10,67);(69,19,83);(64,19,71);(79,23,90);(55,23,66);(59,26,67);(71,26,73);(76,21,90);(69,19,74);(79,12,91);(93,10,100);(102,21,111);(75,6,82);(87,21,96);(63,6,72);(67,12,79);(66,2,69);(72,20,76);(79,27,93);(99,3,108);(102,21,106);(78,3,90);(90,13,93);(84,3,96);(100,22,105);(98,25,112);(108,7,110);(99,25,102);(104,7,118);(95,15,97);(94,9,95);(96,10,97);(98,3,100);(101,12,103);(105,8,118);(111,29,115);(117,5,130);(113,16,122);(120,4,125);(115,24,122);(129,9,142);(118,23,132);(126,15,133);(121,25,128);(129,21,139);(146,4,155);(136,18,151);(144,27,151);(149,8,163);(152,26,165);(139,20,148);(148,3,151);(150,17,158);(142,10,154);(150,26,158);(147,19,150);(152,29,159);(156,27,170);(155,24,165);(162,7,164);(165,3,179);(181,1,189);(188,2,201);(185,10,196);(187,20,191);(174,3,183);(167,20,170);(174,4,188);(172,25,182);(185,20,186);(182,29,187);(187,28,189);(179,6,182);(191,27,196)

(1,24,9);(2,8,15);(7,3,18);(20,19,22);(13,5,28);(17,28,18);(15,7,20);(22,22,27);(28,15,41);(31,24,35);(44,17,45);(38,13,48);(26,18,37);(31,21,36);(35,23,50);(48,3,53);(35,20,48);(45,8,57);(45,13,60);(41,16,42);(43,11,53);(43,16,51);(53,24,67);(49,19,55);(50,10,63);(52,6,60);(54,13,55);(55,9,67);(70,17,73);(63,10,67);(62,5,64);(65,14,72);(74,19,83);(77,25,78);(71,15,84);(72,28,82);(75,16,76);(82,4,93);(77,16,82);(82,24,97);(99,29,113);(105,2,118);(96,3,97);(87,17,101);(96,18,99);(103,24,114);(112,10,122);(117,28,122);(105,28,116);(108,7,112);(107,9,122);(114,27,129);(104,21,119);(122,2,137);(126,29,130);(130,17,141);(124,4,137);(116,25,126);(125,24,127);(133,15,147);(136,24,142);(134,3,144);(136,2,140);(128,1,129);(135,28,139);(130,29,143);(133,3,141);(144,13,152);(152,18,153);(157,25,171);(140,24,141);(142,28,155);(145,18,156);(158,8,169);(161,13,171);(167,8,173);(154,1,159);(154,9,157);(159,29,163);(162,19,167);(169,29,184);(168,12,170);(164,2,167);(167,5,180);(176,14,183);(184,11,196);(190,2,195);(178,19,189);(191,10,197);(197,2,211);(198,15,206);(196,19,211);(211,29,220);(217,18,226);(217,4,219);(208,24,223);(220,14,234)

(2,14,14);(12,15,17);(9,11,12);(7,5,14);(9,8,21);(30,12,41);(16,22,19);(17,30,23);(22,24,28);(23,11,36);(36,11,37);(28,14,32);(26,16,37);(37,22,47);(53,29,57);(59,19,61);(57,20,69);(66,16,78);(49,26,62);(52,22,57);(51,28,55);(52,4,53);(50,7,59);(53,28,60);(63,3,74);(65,19,67);(56,18,64);(60,16,71);(58,3,64);(61,22,62);(62,21,66);(74,6,78);(68,4,80);(89,18,94);(90,8,101);(102,29,111);(107,10,108);(115,5,130);(78,16,80);(80,22,88);(87,25,92);(83,2,97);(98,26,109);(93,18,100);(99,16,107);(97,25,108);(93,17,97);(94,30,109);(104,7,109);(103,24,117);(113,16,127);(107,3,119);(114,24,129);(118,19,132);(131,23,143);(118,17,127);(133,9,143);(138,17,153);(127,23,135);(134,8,146);(123,6,133);(138,26,142);(136,12,150);(147,22,156);(152,9,154);(161,30,174);(139,18,153);(150,12,155);(149,24,153);(149,9,161);(149,19,157);(159,20,168);(164,20,173);(149,9,160);(151,24,163);(150,3,156);(157,6,165);(159,3,162);(158,20,171);(163,6,177);(164,18,171);(168,20,180);(182,9,194);(186,29,195);(194,20,209);(199,16,213);(212,4,224);(217,17,222);(197,23,204);(196,13,206);(196,4,206);(204,4,215);(225,26,232);(198,18,206);(198,10,209)

(3,22,16);(24,9,33);(10,16,18);(18,10,23);(30,27,31);(36,26,38);(16,9,27);(33,20,45);(22,9,23);(27,20,41);(26,5,37);(41,5,49);(41,12,45);(46,30,50);(42,6,54);(33,9,45);(46,21,51);(44,28,56);(61,28,73);(55,25,61);(60,17,75);(69,4,83);(53,9,59);(47,12,54);(48,17,59);(54,26,57);(62,10,68);(61,28,68);(72,3,74);(80,26,87);(76,8,86);(80,21,83);(68,8,83);(76,13,81);(70,28,72);(70,24,73);(73,10,82);(82,25,84);(89,16,99);(88,2,99);(89,8,92);(99,17,100);(97,14,112);(118,8,124);(108,23,122);(124,3,125);(126,3,134);(103,17,111);(108,23,120);(127,4,139);(144,27,148);(116,19,127);(116,8,118);(111,26,123);(121,27,127);(128,12,134);(116,15,121);(115,25,130);(123,25,130);(121,20,124);(127,26,135);(131,10,133);(128,22,141);(132,5,146);(136,1,140);(146,24,149);(150,9,159);(134,22,136);(136,24,139);(140,24,145);(140,23,145);(145,12,160);(157,9,163);(173,17,174);(151,17,156);(160,28,169);(164,26,169);(165,13,168);(173,26,186);(169,16,170);(166,17,178);(165,11,174);(173,5,179);(181,23,186);(178,10,192);(174,20,178);(183,28,191);(193,11,207);(191,22,197);(193,17,203);(195,3,200);(197,13,199);(185,12,187);(186,20,199);(197,15,203);(201,6,215);(211,21,215);(216,17,226)

(3,3,15);(13,10,27);(22,28,30);(28,13,37);(11,24,18);(10,15,24);(19,22,24);(20,13,35);(16,19,20);(24,8,38);(20,19,22);(25,1,27);(27,10,29);(34,12,43);(43,5,45);(41,28,50);(45,10,46);(47,7,53);(39,6,41);(41,19,45);(44,10,55);(49,18,54);(49,22,59);(49,1,64);(52,18,54);(54,20,55);(55,18,64);(66,29,69);(70,29,72);(70,30,81);(65,30,73);(65,14,67);(70,10,83);(70,27,83);(80,17,95);(70,7,73);(72,20,85);(78,2,87);(97,10,108);(101,23,114);(100,21,115);(102,16,105);(102,19,103);(87,20,101);(106,18,121);(109,18,110);(109,21,120);(94,5,105);(98,12,109);(111,25,121);(110,2,115);(108,9,121);(106,15,121);(112,14,119);(118,10,132);(110,3,117);(125,18,135);(116,3,121);(122,19,129);(122,4,133);(138,27,145);(137,28,151);(131,23,137);(129,1,133);(137,19,139);(131,4,143);(150,21,165);(157,19,172);(164,1,172);(147,7,156);(155,9,162);(143,12,145);(150,10,152);(149,26,152);(149,22,163);(152,27,154);(162,14,173);(173,17,174);(171,6,174);(164,10,168);(174,4,184);(164,14,174);(176,25,180);(170,19,178);(171,2,185);(182,30,192);(179,14,187);(190,15,193);(178,9,182);(182,17,187);(189,2,190);(187,9,198);(207,18,212);(192,9,193);(192,20,196);(200,9,212);(195,11,199)

(3,19,6);(3,2,8);(8,13,22);(17,17,23);(28,7,31);(17,6,22);(17,5,26);(17,8,31);(24,7,30);(30,2,44);(21,23,30);(32,10,47);(26,16,29);(28,29,43);(48,15,57);(56,7,61);(39,22,40);(35,29,41);(40,6,55);(43,11,51);(49,10,64);(51,26,54);(53,6,65);(54,16,63);(60,9,64);(54,25,69);(77,5,81);(84,21,94);(56,17,60);(58,17,62);(64,15,76);(62,7,71);(76,2,89);(68,29,78);(70,29,80);(72,8,76);(77,16,90);(89,13,95);(102,27,107);(92,15,102);(95,19,99);(85,15,90);(89,2,97);(87,3,100);(106,2,108);(111,7,120);(102,27,114);(102,16,113);(115,30,129);(121,12,130);(103,9,108);(111,12,118);(105,1,119);(121,8,126);(109,3,113);(116,21,123);(126,18,137);(137,17,140);(130,23,145);(122,29,134);(131,4,146);(128,9,133);(130,26,140);(143,13,149);(136,1,137);(130,14,140);(139,27,144);(143,21,154);(147,20,151);(138,14,140);(140,7,142);(143,26,145);(144,19,151);(151,28,152);(149,2,152);(150,15,156);(161,20,167);(166,26,173);(167,15,180);(172,7,177);(171,1,182);(165,12,170);(164,5,169);(171,23,179);(178,25,192);(201,11,214);(182,20,191);(178,23,191);(182,18,188);(183,17,188);(180,26,190);(190,6,191);(195,1,203);(200,18,211)

(1,16,4);(8,8,12);(6,11,9);(10,12,16);(17,17,20);(21,1,24);(12,7,15);(14,21,19);(23,10,34);(35,22,45);(27,13,35);(25,6,28);(28,13,37);(37,5,38);(33,4,47);(40,30,49);(34,22,38);(36,24,41);(36,6,51);(38,17,44);(49,7,57);(47,16,52);(48,5,60);(53,1,65);(62,23,77);(64,10,79);(57,5,68);(62,19,73);(59,27,61);(68,14,74);(78,17,85);(69,30,73);(76,27,86);(88,12,102);(82,28,96);(82,20,93);(72,17,78);(79,1,86);(76,7,78);(81,14,89);(90,14,98);(91,16,98);(87,12,95);(96,13,103);(105,30,112);(93,16,100);(94,11,95);(97,10,102);(102,22,107);(105,21,118);(121,25,122);(118,20,126);(123,12,125);(109,15,110);(112,23,117);(120,22,131);(120,22,122);(114,9,127);(122,27,131);(123,25,124);(121,14,133);(127,11,137);(128,4,139);(149,16,164);(146,19,155);(132,12,138);(133,11,143);(149,22,162);(151,20,160);(155,27,158);(145,7,153);(147,24,160);(159,14,172);(161,10,163);(149,4,164);(160,6,167);(166,21,172);(169,26,181);(164,17,179);(161,16,168);(165,24,179);(180,29,188);(183,18,195);(172,6,175);(175,22,182);(180,16,193);(173,24,174);(175,25,180);(186,16,194);(191,20,200);(191,22,196);(186,5,193);(201,2,208);(213,9,217);(194,22,201);(190,25,200);(196,24,206);(200,7,202);(201,10,212)

(2,25,13);(18,24,26);(6,23,11);(6,23,17);(9,12,20);(21,24,31);(31,5,41);(40,15,44);(45,7,59);(34,17,38);(29,14,39);(26,10,31);(35,20,42);(35,12,37);(36,19,37);(35,10,50);(48,22,57);(34,22,36);(38,26,51);(56,7,67);(63,13,70);(53,23,60);(59,2,66);(64,12,68);(53,17,54);(55,5,67);(53,17,68);(57,29,65);(74,5,83);(83,19,93);(72,19,86);(67,22,70);(70,16,78);(72,15,87);(88,14,101);(74,28,86);(72,1,73);(75,23,81);(81,7,89);(81,30,94);(82,28,97);(84,1,91);(99,14,105);(98,24,111);(92,17,102);(106,7,120);(117,29,129);(99,3,109);(112,16,125);(105,3,111);(111,16,120);(113,2,125);(112,10,119);(108,20,109);(111,3,122);(110,17,118);(123,7,127);(118,23,125);(122,27,137);(135,11,145);(155,22,156);(130,4,132);(125,26,132);(129,12,137);(131,12,140);(138,22,140);(132,3,146);(142,25,154);(152,15,160);(152,30,154);(151,27,156);(155,4,162);(154,10,162);(146,16,150);(158,6,169);(164,20,173);(158,18,172);(160,17,168);(156,18,170);(171,19,172);(166,23,176);(170,23,177);(181,5,183);(188,28,201);(172,11,177);(179,15,194);(201,19,206);(210,2,211);(192,22,200);(195,11,196);(195,16,200);(202,9,215);(200,24,210);(205,5,217)

(3,27,14);(8,4,22);(13,1,24);(17,19,23);(14,23,18);(19,21,22);(14,15,25);(17,3,24);(21,3,28);(22,6,25);(31,23,45);(34,12,44);(45,9,46);(37,24,48);(44,6,52);(50,15,57);(62,14,70);(57,29,65);(67,11,81);(40,21,50);(44,5,51);(57,11,64);(61,2,71);(74,15,83);(48,5,57);(52,15,59);(59,13,68);(67,17,70);(67,20,71);(59,10,70);(71,20,81);(68,13,78);(81,14,93);(89,18,94);(91,20,98);(91,27,103);(105,15,120);(109,5,116);(99,24,108);(93,26,99);(98,11,106);(97,21,103);(97,27,111);(94,9,108);(100,6,105);(112,23,118);(122,10,125);(126,9,132);(125,17,134);(135,14,146);(129,4,143);(131,8,138);(118,14,131);(114,26,118);(122,13,134);(132,19,147);(134,12,144);(140,14,146);(147,24,155);(132,9,143);(136,5,147);(128,17,138);(134,22,138);(132,16,139);(142,4,150);(132,30,141);(135,23,137);(138,24,150);(139,13,153);(142,11,146);(151,15,166);(171,13,181);(164,30,169);(148,19,163);(151,29,164);(152,27,153);(158,25,167);(172,22,174);(162,8,168);(165,9,173);(174,14,179);(176,4,187);(174,22,176);(176,2,180);(170,18,176);(177,4,192);(193,22,208);(191,21,205);(187,13,195);(197,26,198);(180,1,189);(182,25,194)

(1,10,16);(7,26,17);(22,4,33);(9,18,20);(20,23,25);(21,13,24);(19,25,31);(33,21,48);(49,18,50);(26,1,33);(28,3,38);(42,3,48);(43,18,56);(26,13,31);(34,8,36);(41,7,51);(33,9,45);(42,4,43);(43,12,50);(40,9,50);(48,9,59);(50,26,55);(51,22,62);(57,2,64);(49,19,53);(55,20,62);(68,23,77);(63,5,65);(67,26,82);(70,27,78);(65,15,75);(79,20,84);(68,15,73);(66,25,77);(86,13,89);(87,4,98);(82,16,87);(91,26,103);(78,18,81);(81,24,93);(91,25,104);(84,22,89);(90,26,100);(89,12,101);(102,24,112);(113,29,120);(94,17,95);(96,14,101);(101,28,110);(111,8,117);(104,3,117);(111,10,114);(115,10,125);(112,7,121);(118,19,128);(114,15,115);(124,14,128);(116,23,124);(127,20,132);(129,28,133);(120,3,133);(131,7,144);(126,24,136);(132,1,146);(154,15,169);(152,1,163);(152,25,156);(135,9,150);(149,23,155);(155,11,163);(155,5,167);(152,8,156);(157,23,162);(159,29,165);(168,20,183);(178,25,183);(160,6,165);(157,1,172);(164,28,169);(159,4,165);(162,9,166);(164,25,165);(171,9,172);(171,17,186);(184,29,187);(189,14,190);(181,13,185);(174,28,180);(180,21,183);(187,4,201);(202,1,212);(211,9,217);(225,25,233);(204,7,216);(191,26,202);(190,3,198);(199,7,204);(207,27,212);(213,21,225);(205,2,215)

(2,17,14);(10,15,11);(5,6,10);(8,22,18);(19,14,20);(20,15,22);(12,13,17);(21,12,22);(19,27,25);(30,15,43);(22,19,26);(30,19,39);(30,25,38);(37,20,43);(42,8,51);(54,25,61);(60,27,66);(64,18,72);(42,18,49);(50,10,65);(58,2,67);(71,1,83);(84,27,90);(76,7,90);(87,2,92);(86,21,92);(93,22,99);(65,12,68);(57,20,61);(61,25,63);(62,25,70);(62,9,70);(65,25,68);(70,5,74);(68,3,69);(78,1,91);(80,13,88);(85,3,87);(85,17,88);(91,9,92);(95,11,101);(100,5,115);(101,15,115);(100,22,109);(94,19,107);(109,7,110);(94,20,103);(106,21,111);(102,15,109);(109,25,114);(113,6,122);(111,23,116);(116,17,117);(109,26,117);(112,21,121);(118,27,132);(119,11,128);(120,23,125);(126,8,127);(123,13,131);(129,22,140);(131,18,134);(136,28,144);(126,11,130);(135,14,150);(140,4,154);(135,24,136);(143,6,146);(137,2,139);(145,5,147);(148,29,154);(153,24,164);(165,29,177);(153,28,161);(153,15,155);(159,15,174);(161,22,171);(157,17,169);(164,24,165);(165,25,167);(165,29,173);(175,26,187);(181,13,182);(186,20,194);(175,2,181);(170,19,175);(177,11,180);(181,27,196);(181,7,196);(185,10,197);(199,19,202)

(2,9,3);(3,11,9);(5,24,15);(12,23,27);(11,1,12);(18,2,22);(18,13,26);(17,15,23);(16,8,23);(20,19,21);(21,12,33);(29,13,42);(37,5,46);(32,15,41);(39,6,40);(39,5,49);(37,19,40);(40,1,48);(44,8,57);(54,12,69);(51,3,64);(53,17,57);(57,11,71);(67,11,80);(77,26,88);(59,9,61);(69,22,73);(75,11,77);(56,27,63);(61,26,73);(80,25,83);(87,16,90);(72,20,76);(74,25,87);(95,23,97);(84,21,97);(75,27,84);(85,22,97);(88,30,89);(87,24,90);(85,14,88);(93,29,98);(89,30,95);(89,24,102);(97,4,103);(94,29,99);(100,13,110);(97,24,107);(113,7,116);(100,1,101);(103,14,107);(102,9,107);(106,26,120);(116,21,130);(127,27,139);(119,21,127);(117,20,128);(132,26,141);(129,25,136);(127,16,133);(128,22,143);(133,23,140);(125,28,133);(127,12,133);(137,27,138);(131,29,146);(151,11,161);(136,18,142);(138,3,141);(142,20,154);(148,9,163);(157,21,160);(158,24,167);(167,18,176);(179,19,183);(156,27,170);(169,19,179);(171,11,184);(178,21,183);(180,3,181);(167,23,175);(175,2,188);(185,3,191);(168,6,172);(176,24,177);(176,19,188);(187,29,198);(194,15,201);(176,21,187);(187,9,190);(184,8,192);(183,11,191);(187,24,189);(188,16,197);(201,8,208)

(3,21,11);(11,14,18);(5,26,20);(10,19,15);(10,14,20);(29,23,34);(16,1,17);(17,16,22);(18,22,19);(18,28,33);(20,2,26);(24,12,35);(31,17,39);(30,23,45);(31,24,39);(39,6,53);(36,30,43);(44,19,58);(50,23,65);(40,20,52);(42,19,45);(51,23,61);(70,2,71);(68,16,80);(61,30,72);(61,16,76);(75,15,76);(61,20,76);(67,15,77);(67,8,73);(77,17,80);(82,13,83);(73,21,76);(75,10,85);(79,17,90);(76,30,87);(80,28,86);(74,30,80);(82,11,94);(85,13,100);(82,12,84);(83,20,90);(87,16,101);(88,14,93);(93,23,102);(105,4,115);(101,8,107);(99,29,110);(104,20,113);(98,20,100);(101,3,109);(109,23,121);(126,27,139);(134,13,147);(111,22,119);(118,3,121);(116,2,125);(117,24,125);(116,20,119);(120,16,128);(132,5,139);(122,29,127);(131,22,132);(131,17,146);(142,20,151);(134,25,137);(137,13,143);(145,17,154);(151,3,164);(138,5,153);(148,18,156);(158,27,161);(158,6,166);(158,23,165);(161,24,168);(161,21,162);(156,30,168);(156,18,158);(163,27,169);(161,19,168);(170,27,184);(171,3,175);(169,26,179);(166,22,180);(178,18,190);(187,15,194);(193,15,196);(187,29,201);(190,24,201);(199,1,203);(195,7,201);(205,18,212);(208,20,211);(193,15,207);(205,15,214);(192,30,195)