359,254,417,242,54,236

-149,-238,-148,-417,-96,-54,-493,-249,-221,-270,-260,-295,-342,-254,-306,-347

489,380,419

183,472,413,329,369,363,407,457

-160,-66,11,-380,87,188,101,245,61,-284,409,-178,-195,21,-161,-126,362,31,-438,156,442,-41,9,374,306,431,-305,-114,-412,199,343,187,-110,337,456,263,-396,-148,-251,-199,-76,-71,-251,261,426,-261,-463,-83,225,306,-366,-8,188,-453,-212,-160,104,-102,-379,-359,444,-16,-242,-425,492,200,231,182,82,142,241,387,487,305,-216,227,-192,-309,-251,-191

-139,-68,-471,-120,-255,-340,-50,-55,-215,-124,-268,-166,-464,-211,-194

-319,450,-134,443,-197,270,385,-414,95,498,-141,31,-23,110,124,68,-339,-406,147,313,-443,368,-439,361,-226,151,-405,-331,101,-463

-443,98,-85,-260,487,62,-338,196,419,211,-207,318,-203,-339,-225,-418,191,-55,-124,149,-241,90,111,-398,-464,412,-31,-441,492,214,-4,279,-390,140,156,-89,-343,-243,131,-432,-144,-493,202,-27,278,370,-478,-372

490,-17,-77,-37,312,-60,-107,385,-420,492,-344,303,-388,196,24,2,244,129,-1,-156,-178,-249,-342,349,70,401,-301,-486,-103,-331,-495,-477,-200,-279,-331,90,212,-237,-59,-50,261,119,-6,226,-84,-394,421,-149,-384,-452,-70,-263,-100,458,90,257,178,203,445

382,486,402,204,282,76,482,386,496,265

275,52,388,-22,-492,-138,344,-484,103,432,-242,-470,-440,457,9,-170,-131,-476,405,-355,-368,262,445,136,494,-333,-469,-414,293,-379,95,-432,-37

238,-183,478,21,269,473,75,327,138,99,-302,-52,441,305,271,455,-253,-232,-107,-150,196,428,-177,-193,-139,-76,-92,434,-94,138,-284,-301,425,-138,-213,-267,374,39,354,-96,-327

282,381,247,217,424,-480,212,25,-406,393,188,-142,21,-283,-162,432,143,-118,-480,-451,-242,-306,206,-424,-246,221,-1,355,-18,378,-222,-67,-93,-350,104,-173,254,278,377,209,123,-434,-479,-46,-435,-274,472,164,265,-417,-312,-310,74,126,-492,360,167,-291,498,453,-54,160,-441,-151,-286,291,-229,447,-457,-357,-302

191,250,482,338,71,-324,-241,336,370,252,203,-427,404,-393,-461,-100,48,-82,-11,166,61,-440,380,377,337,-351,428,365,212,-303,351,285,236,-76,-399,-113,-293,-69,-377,-497,-179,439,375,483,-175,265,121,297,-450,58,432,-146,-369,206,-237,-20,489,-393,331,34,-17,-257,229,168,-257,-345,337,446,-403,270,-108,108,-315,-91,313,-431,-287,197,-260,-261,-87,-61,306,204,-213,43,-158,-441,-337,4,295,68,315,-384

-229,28,-107,247,-65,-179,111,91,-286,283,431,494,174,170,-65,23,-338,463,251,304,-134,-434,-331,130,320,57,-215,445,378,202,-91,135,-215,12,216,-175,75,-90,378,-430,-248,479,453,181,479,-173,-455,186,205,196,-330,-284,100,72,-300,291,-57,335,465,281,-87,228,500,-252,-88,-19,-500,276,-299,-485,467,-92,301

303,465,-147,244,322,-357,-385,305,304,-251,-274,74,-280,330,500,162,237,299,113,497,-433,-235,467,401,167,-459

435,348,222,350,304,94,262

-195,-358,239,-139,-288,158,192,183,327,27,381,223,278,102,257,-81,196,130,-306,-163,-55,209,451,-137,270,483,230,-351,-117,397,38,481,-268,-482,-18,-411,-205,-198,401,350,-29,487,61,-415

-232

-411,142,-482,-231,12,76,211,-184,64,-347,-211,236,-199,-453,-258,-133,41,-192,376,465,-83,-257,-476,17,361,-37,-348,-205,417,259,255,342,-92,-139,-456,-483,-301,73,417,213,122,-4,-198,-233,-79,69,291,25,183,355,487,-318,472,370,-205,68,-410,85,435,3,-45,226,181,46,-9,66,-296,227,27,-470,-308,-496,368,350,483,43,457,-479,-416,333,-327,-453,-320,303,-446

112,58,284

190,273,40,163,190,104,215,335

-218,281,413,-196,-320,164,-97,105,59,208,283,-119,-372,499,58,373,333,269,369,151,214,-454,-235,489,244,-139,40,-451,310,-444,3,-130,52,-419,375,136,312,-164,-475,-215,-479,140,350,171,268,-108,-98,-460,-81,-161,303,114,-360,372,-42,-108,-367

-75,-374,-99,-280,-269,-479,-287,-232,-114,-391,-240,-181,-157,-493,-149

461,432,356,-391,-213,-412,89,-117,56,182,-120,-481,131,-188,110,308,39,461,-462,-301,-498,-61,260,302,-243,-443,-356,125,458,273,-452,52,222,-338,-214,393,-282,263,-456,-367,82,236,-48,-467,28

-384,446,166,-273,71,493,382,-460,180,-288,81,-469,-48,-252,-78,282,-117,75,440,-296,333,-65,368,312,-229,-38,80,-228,-200,-118,388,3,-439,-47,329,44,-60,-61,367,53,-50

-1

-205,-120,-273,-448,-75,-175,-288

327,286,-103,164,374,-253,-4,393,240,482,-385,-419,378,385,-361,-92,492,-418,-208,-152,-291,-264,267,96,-241,253,-115,-372,-385,-197,-315,175,-457,-153,-209,-98,-377,-263,277,-193,166,-2,-500,-430

58,249

-292,-121,-97,-247,-211,-396

26,103,375,40

262,476,34,168

-204,-315,-67,-60,-252,-367,-368,-365

-205,-60,-206,-97,-371,-428,-373,-253,-382,-125,-403,-114,-230,-138,-458

0,0,0,0,0

-317,-380,-417,-272,-172,-335,-202,-241,-227,-454,-250,-315,-418,-267,-474

32

-385,-394,-251,-58,-411,-386,-373,-496,-252,-476,-449,-116,-353,-309,-409,-271

390,60,470,133,47,255
